14.11438 9.398472 0.0005231251 122.077 0.1194397 1.030873 
13.98039 9.277713 0.0005262462 114.6604 0.1237407 1.029327 
13.52222 9.503483 0.0005266365 118.7659 0.1247648 1.063293 
13.63217 9.316546 0.0005573502 117.9222 0.1317959 1.026501 
13.3922 9.837225 0.0004555605 118.628 0.1219068 1.106458 
13.45298 9.509493 0.0005600327 100.9944 0.1268156 1.010503 
14.11326 9.521018 0.0005720896 114.1447 0.1288215 1.006397 
13.68086 9.434069 0.0004885593 115.5906 0.1232862 1.057881 
14.70027 9.402875 0.0005436006 122.794 0.1256127 1.022582 
14.3427 9.466136 0.0005174869 112.1089 0.126524 1.009491 
13.99039 9.288013 0.0005067081 123.407 0.1325021 1.041675 
13.80704 9.444746 0.000493803 121.6714 0.1327197 1.077747 
14.31876 9.530489 0.0005387929 116.4169 0.1233359 1.051176 
13.55893 9.214252 0.0005174662 124.6558 0.1320186 1.063601 
13.87888 9.829596 0.0004711919 126.9792 0.1288847 1.101867 
15.02439 9.721745 0.000456022 110.352 0.1334578 1.041293 
13.84032 9.401175 0.0005236742 107.7577 0.1228591 1.024043 
13.88858 9.593522 0.0004952489 126.6905 0.1289328 1.046717 
13.60565 9.328827 0.0005197539 121.7795 0.1285442 1.039188 
13.84934 9.425891 0.000562035 113.6435 0.1136218 1.019991 
13.77471 9.519732 0.000526957 115.4132 0.1203553 1.037945 
13.69364 9.367224 0.0005455739 122.5949 0.1299701 1.017687 
14.13846 9.397172 0.0005282387 114.9879 0.1304611 1.047086 
13.63119 9.388225 0.0005309637 119.1179 0.1258259 1.02293 
13.55917 8.950052 0.0005139438 113.7237 0.1248556 1.09423 
13.52065 9.512459 0.0004762509 107.6073 0.132336 1.084952 
13.77736 9.273653 0.0004962793 119.5437 0.1282884 1.05586 
14.53904 9.541126 0.0005528668 112.0317 0.1272535 1.057383 
13.30705 9.351228 0.0005023091 118.0974 0.1284081 1.074103 
13.24136 9.227938 0.0005298545 109.6927 0.1284881 1.058609 
13.40028 9.452177 0.0005518573 112.3839 0.1253046 1.059302 
13.87576 9.359381 0.0006173521 113.3855 0.1344147 1.032806 
13.76602 9.306734 0.0005031843 117.5741 0.132684 1.083121 
13.87374 9.733773 0.0004932914 116.5861 0.1327747 1.041327 
13.74308 9.418722 0.0004908924 119.5987 0.1400817 1.041953 
13.31133 9.696829 0.0005588918 117.7575 0.1365298 1.04041 
15.031 9.081287 0.0005476599 128.1158 0.12986 1.028085 
13.87962 9.104919 0.0005844095 124.1918 0.1286609 1.020655 
13.6355 9.02975 0.0005959298 107.9617 0.1308965 1.045732 
13.47943 9.548638 0.0004951911 122.621 0.116095 1.037759 
13.68432 9.569358 0.0005608724 123.6176 0.1318195 1.042049 
13.4088 9.405677 0.0005304437 114.5933 0.1249977 1.062005 
14.47061 9.777734 0.0005787412 115.0711 0.1331239 1.00103 
13.1158 9.251611 0.0005038464 117.1098 0.1331781 1.03186 
14.13486 9.58647 0.0006168683 119.1919 0.126595 1.014765 
14.73339 9.464641 0.0004923441 113.0975 0.1214229 1.038685 
13.48434 9.238201 0.0005494622 112.0608 0.1265628 1.053345 
14.08486 9.691673 0.00052855 117.5455 0.1270493 1.048103 
14.65499 9.13284 0.0005476333 119.5639 0.1272738 0.9964649 
13.96482 9.170403 0.0005484566 115.604 0.1341692 1.028556 
13.41651 9.66976 0.0004601067 120.3579 0.1280999 1.085013 
13.35585 9.339686 0.0005531483 109.0815 0.1319026 1.03193 
13.08325 9.270218 0.000554755 130.4966 0.1292194 1.061299 
13.69154 9.374493 0.000523045 111.2625 0.1257884 0.9994966 
13.18621 9.507297 0.0005115166 117.7901 0.1231985 1.052913 
13.8759 9.144804 0.000544757 116.879 0.1264306 1.033942 
13.19255 9.360609 0.0005385876 115.1188 0.1356097 1.011754 
13.70691 9.587229 0.0005236907 114.691 0.1287549 1.025943 
13.05339 9.55856 0.0005030828 120.1881 0.1344166 1.059746 
14.09334 9.398241 0.0005134687 112.0221 0.1268473 1.027545 
14.3717 9.800464 0.0005299615 115.0436 0.119618 1.018998 
13.159 9.152468 0.0005500872 117.4392 0.1293931 1.046777 
14.00213 9.522328 0.0005072306 116.7426 0.130475 1.037907 
14.21637 9.468292 0.0004534368 116.7489 0.1265898 1.082582 
13.19589 9.439479 0.0005162396 106.0403 0.1239006 1.044633 
13.418 9.418517 0.0005420893 110.8756 0.1386082 1.034242 
13.60824 9.270633 0.0004926106 120.7139 0.1242521 1.041654 
13.36291 9.051201 0.0006083959 116.818 0.1216418 1.037997 
14.01366 9.212591 0.000541074 121.0178 0.1272022 1.011046 
13.38709 9.498862 0.0005287387 114.6801 0.1371946 1.036327 
13.99902 9.574836 0.0004480833 113.4514 0.1326853 1.082267 
14.19876 9.542591 0.0004937545 108.8977 0.1201423 1.072791 
13.80678 9.594762 0.0004787315 115.2445 0.1231095 1.062129 
13.34461 9.28967 0.0004957052 110.9825 0.1237578 1.085382 
14.13612 9.352726 0.0005612875 123.3458 0.1331246 1.028287 
14.03676 9.281476 0.0005502783 114.6527 0.1323742 1.036968 
13.80178 9.295188 0.0005403201 114.894 0.1192397 1.056912 
14.62013 9.514918 0.0004877873 111.5305 0.1418287 1.035547 
13.71085 9.579448 0.0005223362 118.26 0.1250222 1.048276 
13.43205 9.36118 0.0005039337 123.0938 0.132938 1.08511 
14.45012 9.503728 0.000515053 113.9152 0.1226829 1.032132 
14.10799 9.408012 0.0004742288 118.1994 0.1314031 1.044473 
13.72345 9.476141 0.0005204206 107.3725 0.1263726 1.032932 
13.83876 9.425056 0.000553047 115.8902 0.1291676 1.028468 
13.40748 9.727563 0.0005471769 101.0392 0.1305843 1.044341 
13.61062 9.58554 0.0005505809 110.5886 0.1352041 1.049425 
13.29721 9.707628 0.0005238688 120.8804 0.1267681 1.040088 
12.66043 9.34527 0.0005661817 120.219 0.1329085 1.018946 
14.15027 9.281377 0.0005032552 119.6659 0.1271064 1.077631 
12.56983 9.410923 0.0004745046 114.507 0.1287143 1.033413 
14.29213 9.428915 0.0005176785 117.3047 0.1278211 1.012549 
14.09715 9.298451 0.0005461919 116.2479 0.1306547 1.02959 
14.18629 9.5329 0.0005141782 112.8268 0.1310503 1.019688 
14.13464 9.430006 0.0005650534 115.6098 0.1348884 1.021375 
13.98889 9.491152 0.000549903 119.872 0.1266539 1.044412 
13.61846 9.07124 0.0005267688 123.4619 0.1272966 1.027826 
13.556 9.483265 0.0005154739 117.7917 0.1312048 1.068977 
14.49943 9.385286 0.0005452728 110.3329 0.1300743 1.06358 
13.3181 9.167081 0.0005177167 105.7991 0.1297182 1.044798 
13.50289 9.35194 0.0005307845 126.9159 0.1322884 1.002385 
13.16116 9.387803 0.0005194783 111.2197 0.1261906 1.060029 
13.29398 9.287094 0.0005842506 127.7352 0.1236792 1.041171 
14.48906 9.48887 0.0004784309 119.507 0.1232864 1.054526 
14.2301 9.246608 0.0005542641 119.1575 0.1408885 1.094387 
12.68113 9.857256 0.0004816583 120.6172 0.1284622 1.081628 
13.43198 9.496141 0.0005369345 127.7639 0.1149642 1.036463 
13.42333 9.351117 0.0005529077 109.125 0.1238046 1.026258 
14.43108 9.233841 0.0005411995 121.4624 0.1318706 1.013387 
13.92107 9.265818 0.0005641409 118.329 0.1338426 1.057026 
13.08528 9.204239 0.0005073301 113.4705 0.1281345 1.040662 
13.48162 9.450225 0.0005504852 111.5399 0.1184663 1.039352 
13.88811 9.730599 0.0005315477 115.0885 0.1235449 1.060636 
14.41495 9.231222 0.0005546744 118.3344 0.1255784 1.050676 
14.37052 9.463172 0.0005387924 115.6026 0.1220734 1.052893 
14.38257 9.268873 0.0005922251 111.5733 0.1265345 1.072517 
13.53907 9.521131 0.0005208594 112.8811 0.1384364 1.035242 
13.61846 9.188434 0.0005167822 115.3994 0.1375891 1.022297 
13.73438 9.543552 0.0004923028 118.3311 0.1307667 1.049044 
13.51175 9.587598 0.0004814961 105.0947 0.1349485 1.074369 
14.07292 9.392954 0.0005232732 112.8395 0.1235379 1.057598 
13.47012 9.550141 0.0005066881 114.4933 0.130923 1.065218 
14.33744 9.284372 0.0005476223 107.8395 0.1369995 1.012948 
12.60707 9.590415 0.0005311038 115.8207 0.1357633 1.012458 
13.63888 8.979272 0.0005651924 110.2037 0.1244241 1.017695 
14.61628 9.59957 0.0004852856 117.3728 0.1335068 1.059171 
14.06776 9.309104 0.0005546157 114.2361 0.1305055 1.06086 
13.95074 9.603169 0.0005029169 105.5356 0.1375613 1.051034 
14.43624 9.414492 0.0005265618 117.1119 0.1237643 1.046826 
14.33164 9.427382 0.0005319823 119.2468 0.116921 1.033014 
13.37266 9.664188 0.0005087554 122.5961 0.1347511 1.07943 
13.95543 9.302968 0.0005356494 106.257 0.1300013 1.015221 
14.04163 9.005231 0.0006006262 115.2448 0.1286434 1.032184 
14.58971 9.241851 0.0005930309 114.2393 0.1358807 1.012159 
13.88012 9.415455 0.0004910973 117.4172 0.1404183 1.083297 
14.62891 9.210376 0.0005752561 106.2841 0.1215117 1.022254 
13.89725 9.534224 0.0004997342 137.8254 0.1207093 1.062833 
12.95254 9.628377 0.0004956511 113.1261 0.1239256 1.058113 
13.97385 9.055702 0.000585664 106.1833 0.1243019 1.023214 
13.4879 9.636085 0.0004956023 121.4418 0.1352071 1.062443 
13.91048 9.581461 0.0005287919 118.4633 0.1310726 1.039696 
13.49397 9.152803 0.0004868751 125.0442 0.1286033 1.065438 
13.10729 9.243156 0.0006189025 119.5582 0.1259175 0.9969396 
13.93916 9.719508 0.0004711009 117.1292 0.1263363 1.079077 
13.70041 9.581667 0.0004991597 117.7054 0.1292629 1.059874 
13.26764 9.507505 0.0004684256 110.2548 0.1297972 1.081165 
14.14265 9.455515 0.000501761 114.0888 0.1406634 1.055153 
14.1127 9.136191 0.0005592387 118.4035 0.1198858 1.038583 
13.94727 9.327508 0.0005525374 127.506 0.1336426 1.05716 
14.31425 9.398972 0.0005267811 104.756 0.132142 1.020666 
13.79064 9.549511 0.0005362982 113.4276 0.1297852 1.066949 
13.5504 9.524869 0.0005269052 117.0964 0.1249282 1.04555 
14.28014 9.443529 0.000566595 117.6416 0.1294024 1.01304 
13.95978 9.440874 0.0005550372 108.1629 0.1349825 1.011106 
14.49404 9.30827 0.0005171756 106.1007 0.1301255 1.020322 
13.21508 9.115664 0.0005780018 111.3979 0.1311097 1.00843 
13.61425 9.209582 0.0005423561 115.6316 0.1151593 1.02869 
13.7107 9.116773 0.000547189 111.1067 0.1277459 1.013652 
13.72017 8.987036 0.0005399598 116.3761 0.1349806 1.024999 
14.24049 9.400217 0.000555563 118.1194 0.1225688 1.049594 
13.84173 9.325115 0.0005223384 112.7752 0.1335858 1.060631 
13.6642 9.438644 0.0005470122 109.4946 0.1229397 1.014209 
13.32742 9.923933 0.0004596417 127.9476 0.1231708 1.065655 
13.63054 9.436906 0.0005127046 118.6583 0.1278898 1.042786 
14.16424 9.276783 0.0005601985 125.0132 0.1421606 1.020201 
14.40015 9.066848 0.00058366 110.6677 0.1380832 1.003625 
13.42421 9.097282 0.0005439777 110.7884 0.1290632 1.018012 
13.84119 9.753922 0.0005005426 115.9141 0.1251125 1.070818 
14.19308 9.577421 0.0005000564 120.8395 0.1303747 1.065377 
14.37234 9.0938 0.0005678218 107.4688 0.1313806 1.037388 
14.45101 9.19184 0.0005702666 117.3362 0.1327552 1.040268 
14.17598 9.469718 0.0004685845 118.2449 0.1216558 1.047354 
13.98639 9.651197 0.0004680827 123.2111 0.1295994 1.049672 
13.87884 9.685819 0.0005189776 130.4814 0.1306217 1.052526 
13.88386 9.343111 0.0005832447 111.2942 0.128376 1.028248 
14.04279 9.601602 0.0005299132 124.9802 0.1210687 1.034877 
13.33025 9.648066 0.0005129635 125.7468 0.1247719 1.03457 
13.12499 9.798051 0.0004736124 103.7091 0.1297327 1.079895 
13.41902 9.15444 0.0005622747 121.045 0.1364832 1.039827 
13.41706 9.320844 0.0005179071 125.3827 0.12495 1.021164 
13.50955 9.330444 0.0005199368 117.001 0.1245839 1.03271 
14.09507 9.485806 0.0005905263 119.987 0.1328135 1.043071 
13.70256 9.579749 0.0005425724 117.6455 0.1283703 0.9936609 
13.27346 9.445559 0.0004949199 122.7728 0.134791 1.044784 
13.79876 9.591126 0.0005441627 109.8459 0.1318794 1.053736 
14.55074 9.267861 0.0005372606 115.4511 0.1240306 1.049755 
14.78738 9.388518 0.0005489867 114.7525 0.1204261 1.062973 
14.30531 9.52991 0.0005298586 120.7554 0.1326985 1.037852 
14.41633 9.369375 0.0005780758 114.5544 0.1228286 1.040283 
14.04996 9.414019 0.0005622825 128.8892 0.1227261 1.02289 
14.56117 9.834009 0.0005362145 108.9885 0.1321278 1.02721 
13.13555 9.373747 0.0005115695 123.1487 0.1286787 1.030123 
14.22867 9.219603 0.0005586074 106.6916 0.1202663 1.054503 
14.37399 9.148371 0.000535539 113.3581 0.1311432 1.041959 
13.90035 9.66583 0.0005856487 117.2222 0.1287707 1.0146 
13.38384 9.621621 0.0005339629 124.5458 0.1303839 1.060523 
13.01424 9.383666 0.0005484027 118.6962 0.1248311 1.054776 
13.76568 9.526707 0.0004792666 119.4477 0.1276368 1.027224 
13.40115 9.44209 0.000516628 119.2347 0.1345398 1.036398 
13.94406 9.569741 0.0004937624 113.6032 0.1270243 1.085629 
13.32087 9.217384 0.0005307051 117.6284 0.1223651 1.045167 
14.27278 9.357039 0.0005746891 116.1128 0.1192557 1.0233 
14.26577 9.655587 0.0004956151 114.951 0.1268999 1.050466 
13.77493 9.256011 0.0005795153 119.9239 0.1228925 1.039836 
14.27641 9.107996 0.0006523536 116.9194 0.127674 1.027437 
13.42568 9.153509 0.0005784646 111.305 0.1246962 1.015227 
14.51088 9.404684 0.0005634132 127.5684 0.1228771 1.068633 
14.67859 9.655205 0.0005096796 109.5322 0.1227613 1.061077 
13.87577 9.189037 0.0005153667 126.2625 0.1414487 1.03868 
14.03388 9.552103 0.0005701725 119.0977 0.129892 1.00967 
13.23418 9.264838 0.0005024873 122.7303 0.1229399 1.096772 
13.22932 9.595681 0.0005247234 115.0115 0.1329393 1.048496 
13.68588 9.487684 0.0005306427 112.6079 0.1348606 1.034441 
13.98889 9.459686 0.0004809908 123.9274 0.1222383 1.071755 
13.43012 8.9882 0.0005192529 117.0253 0.1323815 1.059835 
13.73746 9.235035 0.0006010504 111.7759 0.1214124 1.037817 
13.65352 9.617889 0.0005367648 116.2636 0.1310709 1.047509 
13.70297 9.788595 0.0004794521 116.5952 0.1305308 1.0773 
14.08989 9.717188 0.0005096096 107.8705 0.1191909 1.077089 
13.99312 9.502451 0.0005304743 119.3996 0.1275241 1.050732 
13.19282 9.401898 0.0005452542 112.0896 0.1321684 1.029761 
14.24561 8.868657 0.0005512209 118.2761 0.1279165 1.041322 
13.67886 9.274427 0.0005484868 121.3843 0.126479 1.026489 
13.73918 9.425893 0.0005575385 123.4443 0.1337422 1.029753 
14.61285 9.485573 0.0005245867 118.5045 0.1192389 1.035022 
13.28966 9.274498 0.0005437623 123.6854 0.1323757 1.012248 
13.80682 9.473148 0.0005512768 107.1775 0.131029 1.045228 
14.126 9.580091 0.0005821195 114.498 0.1296798 1.037813 
14.07938 9.318711 0.0005452802 107.7957 0.1328034 1.048972 
14.21661 9.311394 0.0005091208 111.5367 0.1362811 1.040148 
13.50196 9.49995 0.0005657959 118.4516 0.1286237 1.015338 
12.99719 9.532577 0.0005263639 127.8717 0.1314963 1.042819 
14.67276 9.337855 0.0005075684 122.3319 0.1247067 1.06327 
13.21092 9.403153 0.0005056605 124.1795 0.1276299 1.045829 
13.76425 9.422438 0.0005305318 118.2739 0.1373835 1.051677 
13.88647 9.163071 0.0005495922 126.3586 0.1215876 1.072379 
13.81514 9.320579 0.0005587719 110.6771 0.1368104 1.029017 
14.05677 9.379578 0.0005407943 115.5259 0.1239623 1.0505 
14.31906 9.229142 0.0005611609 125.0649 0.1189253 1.029868 
13.56673 9.472703 0.0005679721 110.088 0.1237687 1.026781 
13.73561 9.256327 0.0005796478 117.9168 0.1245119 0.997576 
13.92433 9.074553 0.0005275715 109.184 0.1390018 1.028201 
14.16116 9.235612 0.0005847005 114.7416 0.1375405 1.015859 
13.75081 9.383376 0.000556591 122.7881 0.130479 1.050959 
13.18618 9.115216 0.0005778557 122.3723 0.1286792 1.038526 
14.53111 9.312974 0.0004954631 116.9621 0.1288309 1.09235 
13.7917 9.398403 0.0005855649 113.9082 0.1270563 1.002669 
13.68408 9.22648 0.0005419253 118.8874 0.1251231 1.053069 
13.89813 9.670187 0.0005701473 111.4557 0.1313909 1.023116 
13.47166 9.51822 0.0005192979 122.5114 0.1245865 1.054349 
13.35763 9.750916 0.0005223273 122.4988 0.1309434 1.032241 
13.84068 9.032534 0.0006162064 122.3428 0.1251792 1.00938 
13.60993 9.360788 0.000577191 106.6045 0.1279056 1.034058 
13.02441 9.499011 0.0004675205 112.4847 0.1262258 1.066711 
13.32215 9.528927 0.0005254799 117.4075 0.1379308 1.067694 
13.28189 9.322355 0.0005123194 113.6241 0.1189721 1.049137 
13.36505 9.293726 0.0005813336 121.0962 0.1320759 1.039083 
15.27131 9.566283 0.0005323485 117.3292 0.1285504 1.029031 
13.36342 9.694028 0.0004955195 119.5063 0.142085 1.034615 
14.31426 9.507862 0.0005682934 113.023 0.1340751 1.019022 
14.1941 9.665827 0.0004781999 107.6678 0.1248319 1.111609 
13.50454 9.293879 0.0005681246 119.5102 0.1225661 1.029793 
14.70974 9.280489 0.0005283574 123.9725 0.1243638 1.054951 
13.48104 9.277031 0.0005392224 115.5829 0.1249458 1.009314 
13.096 9.273144 0.0005302138 118.249 0.1212439 1.033767 
13.91562 9.394015 0.0005488312 108.5243 0.1217373 1.033211 
13.51242 9.243822 0.0005019021 106.2325 0.1268716 1.0568 
13.55902 9.315183 0.0005547841 109.538 0.1273556 1.0422 
13.75542 9.704404 0.000526971 116.8956 0.1208838 1.036565 
14.32132 9.355557 0.0005686617 116.557 0.1370008 1.034217 
14.62757 9.496954 0.0005622596 106.5155 0.1342329 1.046675 
13.82739 9.316724 0.0005064028 118.9386 0.1396439 1.047346 
13.33585 9.51563 0.0004802539 121.9643 0.1330497 1.085722 
14.2305 9.769718 0.00055905 121.9238 0.1240533 1.017367 
14.07097 9.306076 0.0005893384 116.5246 0.1229848 1.056149 
14.4763 9.17623 0.0005132183 109.2006 0.1223602 1.031165 
13.94375 9.27121 0.0005573766 115.9513 0.1215645 1.035308 
13.0811 9.547351 0.0005588634 118.6768 0.1226917 1.024881 
13.29684 9.5167 0.0005022645 113.2074 0.1351129 1.050619 
14.74002 9.792064 0.0005404801 117.1416 0.1387664 1.03654 
14.96833 9.290944 0.0005176628 126.7571 0.1349271 1.092125 
14.18125 9.207376 0.0005472625 123.7214 0.127812 1.016914 
14.29076 9.054111 0.0005729969 121.4078 0.121491 1.029629 
14.1199 9.346436 0.0004587113 112.5091 0.1186123 1.038172 
13.85739 9.361965 0.0005235384 119.1553 0.1325744 1.041845 
13.40834 9.181177 0.0005449079 118.2492 0.1273314 1.050718 
13.72171 9.531516 0.0005592264 128.4486 0.1406731 1.019493 
13.6921 9.486902 0.0004755135 121.9873 0.1322349 1.057709 
13.44884 9.337955 0.0005701812 113.3126 0.1244841 1.03169 
14.19295 9.419106 0.0005809608 117.5034 0.1191309 0.9890893 
13.16151 9.542255 0.0004594143 124.0636 0.1370341 1.068078 
14.38403 9.550373 0.0005223427 116.9359 0.1220975 1.022461 
14.41795 9.469706 0.0005526194 107.6923 0.1300581 1.041353 
13.3164 9.476428 0.0005388702 113.4298 0.1308433 1.050888 
14.25497 9.087925 0.0004795459 115.4651 0.1292486 1.076366 
13.1413 9.440905 0.000523603 115.0865 0.1231862 1.0259 
13.59186 9.368523 0.000535607 115.6239 0.1337822 1.047252 
14.0187 9.521125 0.0005870291 117.8116 0.1271955 1.040576 
14.12406 9.658592 0.0005434203 120.8206 0.1320444 1.054222 
13.90655 9.333007 0.0005404868 120.9134 0.1304715 1.028689 
14.06516 9.714539 0.0005381023 114.0604 0.1289416 1.032765 
14.15929 9.466533 0.0005046696 111.1299 0.1403133 1.035331 
14.21429 9.587704 0.0005345922 118.887 0.1267246 1.012035 
13.1612 9.141761 0.0005034715 106.2716 0.1397136 1.04981 
13.39192 9.336155 0.0005390424 115.2588 0.1362029 1.031904 
14.41784 9.40151 0.0005364741 115.4583 0.1224203 1.041622 
13.59438 9.326721 0.0005089949 114.167 0.128638 1.073713 
13.68974 9.660687 0.0005645314 120.7217 0.1257503 1.015934 
14.00971 9.349037 0.0005565104 121.2812 0.1307404 1.053674 
13.46191 9.584142 0.0005364931 113.2343 0.1202961 1.048096 
13.35731 9.517774 0.0005252646 126.3441 0.1268432 1.049808 
13.66808 8.965924 0.0005556109 121.3674 0.1330826 1.039268 
13.83059 9.44743 0.0005277214 116.4725 0.1445275 1.029579 
14.08298 9.832899 0.0004486403 119.1125 0.1374017 1.098789 
13.86235 9.314945 0.0005486582 120.9597 0.1308733 1.021969 
14.55018 9.283858 0.0005290839 107.5072 0.130244 1.061089 
13.29211 9.328302 0.0005122771 116.0263 0.1212743 1.068828 
14.63307 9.551397 0.0005848877 118.3122 0.130922 1.038049 
13.94663 9.523244 0.000538427 110.9773 0.1348584 1.017647 
13.03912 9.283355 0.0005560487 127.2756 0.1249044 1.042999 
13.274 9.368196 0.0004945062 110.6781 0.1401549 1.076938 
13.17334 9.263385 0.0004958721 107.769 0.1344591 1.101112 
13.96285 9.370519 0.000539917 113.7732 0.1348368 1.039801 
12.50091 9.448425 0.0005316476 121.0312 0.1302734 1.030119 
13.87059 9.202221 0.0004703103 120.1749 0.1309579 1.071837 
14.45137 9.423588 0.0004719895 113.4635 0.1337136 1.059413 
12.74621 9.253904 0.0005755679 114.4509 0.1375624 1.023771 
13.98115 9.290941 0.0005968669 112.3898 0.1313355 1.028681 
13.22781 9.321309 0.0005765257 113.7781 0.1240268 1.027232 
14.74157 9.486937 0.0005236566 108.6501 0.1333766 1.030042 
13.45913 9.297912 0.0005102035 116.0634 0.138814 1.049309 
14.45913 9.467571 0.000581826 113.282 0.1257649 1.03029 
13.15517 9.347441 0.0005586919 120.1926 0.1153214 1.032722 
13.65014 9.614035 0.0005353091 115.7988 0.1239579 1.008448 
13.68769 9.368511 0.000515657 119.8325 0.1302026 1.014452 
13.89986 9.342472 0.000567461 110.7733 0.1300074 1.035268 
14.03199 9.408691 0.0005735275 109.1102 0.1373224 1.014892 
13.65131 9.679121 0.0005242404 123.0395 0.1241038 1.015618 
13.92591 9.414753 0.0005500994 118.9891 0.136085 1.034365 
13.55371 9.137784 0.0005951285 120.0248 0.1258457 1.016353 
13.23057 9.994042 0.0004792786 122.7888 0.1254924 1.059522 
14.43732 9.632579 0.0005342153 123.6479 0.129042 1.006052 
13.39775 9.672908 0.0005298145 108.3483 0.1291015 1.039939 
13.35863 9.050444 0.0004839687 113.6981 0.1261666 1.068308 
13.77448 9.324546 0.0005082481 117.5861 0.1305506 1.040493 
13.06837 9.63534 0.0005416921 123.8094 0.1202456 1.039962 
13.42235 9.239344 0.0005650314 126.1791 0.1301504 1.058906 
14.71566 9.296547 0.0005759222 111.3282 0.1294286 1.03058 
13.96491 9.166467 0.0006280926 126.6109 0.1203083 1.003429 
14.01186 9.140765 0.0005384442 110.432 0.1264839 1.048695 
14.3364 9.324463 0.0005723142 123.9454 0.1317721 1.005891 
13.6665 9.448734 0.0005250538 118.4633 0.1250475 1.048209 
13.357 9.344232 0.0004940236 120.3006 0.1215002 1.052104 
13.9991 9.651046 0.0005274237 106.6435 0.1299644 1.032812 
13.06382 9.511846 0.0005254269 113.2003 0.1376419 1.045064 
13.35597 9.401759 0.0005060181 105.9396 0.1292594 1.021054 
13.227 9.415031 0.000534087 115.8134 0.1357951 1.027011 
12.65766 9.637168 0.0005151193 122.1796 0.135883 1.034432 
13.46481 9.859375 0.0005343612 121.3163 0.143832 1.043299 
14.08745 9.321053 0.000540512 119.3723 0.1392407 1.051338 
13.85282 9.328789 0.000596732 118.1073 0.128719 1.014102 
14.03632 9.227856 0.0004975383 114.3957 0.1359444 1.064216 
13.17945 9.444793 0.0004988976 121.1606 0.1279813 1.059875 
13.59422 9.450084 0.0004894703 119.1336 0.1376712 1.076275 
13.6758 9.25622 0.0005173456 118.9138 0.1372587 1.073163 
13.54916 9.055289 0.0005083228 119.4631 0.1293763 1.066344 
13.55157 9.285606 0.0005356028 118.0898 0.1285125 1.042244 
13.95024 9.654854 0.0005131507 117.8767 0.1377972 1.068976 
14.1256 9.281105 0.000519875 109.3919 0.1207973 1.061203 
14.16213 9.90773 0.0005040577 123.9277 0.1307661 1.028627 
14.40889 9.428948 0.0004787446 118.1135 0.1314113 1.07469 
14.03432 9.398173 0.0004809103 118.4466 0.1317932 1.083898 
13.62375 9.566123 0.000516299 114.6134 0.1322398 1.063185 
14.04609 9.320914 0.0005891869 119.3394 0.1330752 0.9935859 
13.62961 9.528936 0.0005247258 121.3756 0.1286311 1.050863 
13.26249 9.552324 0.000502478 108.8796 0.1344389 1.041326 
14.30209 9.561203 0.000489604 111.0504 0.1196916 1.051493 
13.83325 9.136777 0.0005692475 117.468 0.1297482 0.9859559 
13.63289 9.66134 0.0005099034 115.2772 0.1217979 1.039842 
13.56299 9.271316 0.0005650404 108.782 0.1319833 1.025399 
12.8277 9.574719 0.000488971 118.7274 0.1411357 1.047576 
14.06766 9.278511 0.0004983431 115.7429 0.1329074 1.065295 
13.92482 9.424569 0.0005268803 111.0863 0.1268087 1.068357 
14.39466 9.34941 0.0005478634 114.3679 0.1328868 1.051071 
13.68766 9.235723 0.0005198579 124.9325 0.1328212 1.061966 
13.21111 9.359935 0.0005684885 114.0964 0.1372027 1.027794 
12.97498 9.48166 0.000604632 122.06 0.1426616 1.006946 
13.90704 9.455509 0.000558016 115.3613 0.1429637 1.019445 
14.02405 9.31792 0.0005725696 109.3242 0.1211716 1.014312 
14.00065 9.567254 0.0004999493 109.364 0.129196 1.072718 
13.95053 9.312188 0.0005669377 124.8254 0.1335726 1.014903 
13.60676 9.689577 0.0004801341 121.3495 0.1234249 1.064607 
13.1642 9.406667 0.0005771583 111.8932 0.1401358 1.025451 
14.0691 9.194204 0.0004971314 124.0714 0.1255586 1.072188 
13.98561 9.561421 0.0004873907 115.9113 0.134125 1.091337 
14.0968 9.746604 0.000546029 115.6177 0.1362913 1.030294 
13.9345 9.284907 0.0004758816 112.4311 0.1212289 1.08333 
13.74641 9.481727 0.0005096822 118.7343 0.122177 1.035452 
14.79003 9.629205 0.0005111813 126.1897 0.1324143 1.032791 
14.08158 9.674907 0.0005215588 114.7828 0.1289224 1.058637 
13.00527 9.317663 0.0005809891 116.3697 0.1349047 1.034871 
13.88756 9.045348 0.0005571001 116.2215 0.122663 1.025415 
14.20648 9.219168 0.000560392 117.7687 0.1256762 1.031103 
13.66724 9.289368 0.0005382966 122.2213 0.1189681 1.018247 
14.59481 9.657403 0.0005175425 119.5479 0.1345583 1.023438 
13.53907 9.352369 0.0005066248 114.6677 0.1314083 1.046453 
13.94081 9.619055 0.0004696391 118.7842 0.1205529 1.089953 
14.66173 9.682841 0.0005464509 114.4388 0.125878 1.042946 
14.20122 9.583568 0.0004940603 125.8446 0.1308415 1.035642 
13.88764 9.188256 0.0005329414 126.2226 0.1287496 1.056085 
14.0266 8.958098 0.0006013171 119.5523 0.1301837 0.9914984 
13.69658 9.495617 0.0005097526 116.1322 0.1396961 1.02457 
13.71289 9.482257 0.0005057222 114.3724 0.128051 1.076709 
13.64807 9.669814 0.0005616943 120.9054 0.1367236 1.019582 
13.12029 9.614217 0.0004699799 110.3075 0.1356066 1.040703 
13.36513 9.698389 0.0004867135 114.1175 0.129717 1.071971 
14.3801 9.407011 0.0005306925 114.3594 0.1289795 1.035694 
13.90436 9.285254 0.0005142557 117.0285 0.131985 1.068234 
13.85477 9.321869 0.0004925208 113.3586 0.1265308 1.045822 
13.97798 9.72031 0.0004927722 121.5669 0.1274671 1.058155 
13.65006 9.457619 0.0004844894 117.8713 0.1246304 1.055668 
13.70097 9.495746 0.0004963967 118.8274 0.1382179 1.034321 
13.87378 9.561664 0.000507465 120.2225 0.1380767 1.036913 
13.49559 9.182912 0.0005461367 113.8064 0.1301867 1.074729 
13.97484 9.387213 0.0005718043 116.4905 0.1235154 1.060211 
13.63894 8.960358 0.000535098 119.498 0.1261409 1.034938 
13.47637 9.596169 0.0005138679 120.9092 0.1276931 1.05032 
13.94674 9.564989 0.0005097519 117.4052 0.1251828 1.058897 
13.97264 8.918491 0.0005381722 123.5227 0.1197323 1.041642 
13.13258 9.343448 0.0004830115 126.0591 0.1303921 1.065514 
13.37378 9.377742 0.0005033002 110.2109 0.1264527 1.067789 
13.99488 9.143093 0.0006126708 115.57 0.1262599 1.016959 
13.23647 9.111743 0.0005933364 118.9112 0.1213465 1.050451 
14.14081 9.160338 0.0005649273 117.2614 0.1176603 1.040263 
14.04903 9.397027 0.000582566 121.2903 0.1233611 0.9991968 
13.46362 9.433127 0.0005394423 122.9704 0.1364626 1.057227 
13.45975 9.404695 0.0005230002 116.9944 0.130812 1.071703 
13.62045 9.638294 0.0004972213 113.8828 0.1274202 1.052254 
13.62114 9.359314 0.0004823239 114.7652 0.1280408 1.018408 
12.85209 9.535744 0.0004997258 123.6957 0.1315181 1.099285 
13.77207 9.574302 0.0004992331 110.2216 0.1225528 1.062482 
13.82713 9.414763 0.0005134934 111.4537 0.1325765 1.081751 
13.29281 9.166483 0.0005712426 112.0458 0.1225108 1.006629 
13.10018 9.302676 0.0005053872 120.4326 0.1208687 1.023081 
12.6393 9.577421 0.0004971542 116.5423 0.132803 1.071932 
13.78261 9.553312 0.0005258259 117.5649 0.1349196 1.027196 
13.3714 9.490421 0.0005247253 110.862 0.1331224 1.043402 
14.10452 9.355189 0.0005933679 119.5825 0.1282388 1.05248 
13.76216 9.502391 0.0004996248 107.078 0.1142284 1.05638 
13.95658 9.131521 0.0005718934 119.8564 0.1279765 1.065692 
13.16599 9.280404 0.0005816021 115.7854 0.1296006 1.030956 
13.24457 9.852256 0.0004938789 114.8905 0.1276376 1.075754 
13.8346 9.459519 0.0004969026 118.5785 0.1292983 1.049791 
13.95746 9.225367 0.0005432848 123.0657 0.1218515 1.064331 
13.9091 9.120649 0.0005360904 112.9537 0.130215 1.024396 
14.75876 9.368096 0.0005300264 103.5865 0.1275862 1.027914 
14.16827 9.581251 0.0005165526 109.209 0.1285949 1.051026 
14.11458 9.153978 0.0005058044 113.3293 0.131782 1.066048 
14.63653 9.276012 0.0005669709 106.4966 0.1306692 1.017257 
14.87848 9.420319 0.0005207323 108.4802 0.1325255 1.069034 
12.99453 9.260255 0.0005681826 118.604 0.1384454 1.064741 
13.90262 9.413456 0.0005494384 125.9125 0.1330517 1.039195 
14.01568 9.60268 0.0005192508 135.1277 0.122501 1.04365 
14.24077 9.579567 0.0005904657 111.6365 0.1304563 0.9994037 
14.02946 9.408223 0.0005787089 115.8052 0.1288174 1.009906 
14.14434 9.609094 0.000528621 107.5207 0.1387017 1.051039 
13.96731 9.512725 0.0005419784 116.289 0.1245427 1.020141 
13.77562 9.53658 0.0005082722 123.7941 0.1256996 1.027363 
14.38459 9.279784 0.0004899212 108.5857 0.1298731 1.04088 
13.9443 9.125451 0.0005198989 107.5651 0.1227124 1.037246 
14.56202 9.540055 0.0005197867 126.0067 0.1263142 1.046184 
13.32529 9.85272 0.0004713268 103.6393 0.1349112 1.046043 
14.81151 9.333999 0.0005244597 122.6911 0.1304695 1.075511 
13.80327 9.416652 0.0005271324 121.984 0.1277485 1.046277 
14.26568 9.358235 0.0005665826 121.5795 0.1295576 1.038522 
14.22027 9.42588 0.0005348868 118.5723 0.1412375 1.02506 
14.25538 9.417377 0.0005401864 117.0798 0.1205249 1.042373 
14.2936 9.031807 0.0005352233 104.2529 0.137761 1.032916 
13.61327 9.342827 0.0005566358 117.9037 0.1300127 1.053827 
13.33955 9.215635 0.000490173 115.6478 0.1335415 1.042856 
13.83681 9.139058 0.0005384014 114.6545 0.1331449 1.037124 
13.03682 9.456335 0.0004784425 121.1348 0.1367139 1.074636 
14.27603 9.270628 0.0005033794 116.0719 0.1352857 1.043526 
13.96211 9.192993 0.000533684 114.5645 0.1318305 1.03486 
13.7166 9.469636 0.0005188269 114.3052 0.1292727 1.023968 
14.17947 9.403408 0.0005057929 114.0208 0.1372243 1.057275 
13.04909 9.336732 0.0005066178 125.9315 0.1229748 1.040411 
13.75951 9.565106 0.0005293772 120.4446 0.1238195 1.019365 
13.63482 9.204624 0.0005429409 109.5568 0.1291274 1.048194 
14.50713 9.597675 0.0004992706 116.0132 0.1269002 1.079869 
13.61288 9.314047 0.0005376721 116.3676 0.1336851 1.041692 
13.39598 9.668193 0.0005302109 107.6485 0.1320283 1.051383 
13.95456 9.153494 0.0005492699 109.1744 0.1374071 1.001031 
14.03549 9.263455 0.0005506431 117.9105 0.1270888 1.032249 
13.34221 10.05822 0.000467153 119.5929 0.1221512 1.038593 
14.31467 9.275374 0.0005798675 111.5777 0.1306941 0.9997302 
14.11226 9.534016 0.0005718677 121.0366 0.1257848 1.032403 
13.72816 9.495955 0.0005351698 112.3264 0.1394484 1.040403 
13.78522 9.50341 0.0004936937 108.311 0.1224594 1.0945 
14.13138 9.552716 0.0005168203 106.4433 0.1431942 1.034567 
13.71331 9.391022 0.0005108252 112.2287 0.1255208 1.043844 
13.50594 9.439288 0.0005393713 127.7992 0.1278727 1.012899 
13.22915 9.516296 0.0005364287 108.2394 0.1434729 1.047895 
13.95583 9.374122 0.0005509441 121.6934 0.1214438 1.050235 
13.43553 9.2202 0.0005626865 118.9921 0.1316362 1.060997 
13.5735 9.742547 0.0005762791 111.001 0.1352834 1.05326 
13.55968 9.754167 0.000537998 117.442 0.132452 0.9957985 
14.38127 9.532672 0.0005250716 118.8546 0.1272233 1.052427 
13.82295 9.303708 0.0005619106 107.5805 0.1211677 0.9967714 
14.37434 9.254861 0.0005941761 108.0639 0.1405769 1.045785 
14.22368 9.167363 0.0005442221 106.5854 0.1242214 1.062444 
13.92013 9.319263 0.0005817878 123.6842 0.1317631 1.059308 
14.62502 9.727042 0.000511561 121.899 0.1304413 1.061976 
13.89822 9.26222 0.0005035871 115.3357 0.1349851 1.039778 
13.56661 9.722716 0.0004497152 120.8088 0.1286071 1.093599 
14.38533 9.171621 0.0005228297 115.2922 0.1336856 1.064925 
13.19364 9.482934 0.0004976132 121.2292 0.1261867 1.054895 
14.57202 9.381577 0.000548094 108.5068 0.1238065 1.035659 
13.98759 9.393157 0.0005240647 102.2595 0.1288416 1.050096 
13.52302 9.381517 0.0005444056 117.0779 0.1440951 1.030953 
13.59944 9.700043 0.0005314396 113.5593 0.1294017 1.0475 
13.59347 9.465377 0.0004872305 108.2874 0.1334373 1.057118 
13.99467 9.441331 0.0005241336 119.9431 0.1223441 1.009443 
13.51163 9.20461 0.000521322 121.0869 0.1410874 1.039933 
13.50722 9.600188 0.0004546564 117.8247 0.1293911 1.067901 
13.01724 9.55574 0.0005110068 115.8849 0.1360549 1.037845 
13.26561 9.423717 0.0005237702 131.9427 0.1300255 1.087793 
13.66421 9.312537 0.0004766096 113.7794 0.1339531 1.080097 
13.82306 9.727691 0.000538696 117.5502 0.136379 1.01951 
13.72743 9.528581 0.0004545092 117.6891 0.1303596 1.018434 
13.75154 9.058917 0.000554239 111.3727 0.133443 1.014153 
13.578 9.573183 0.0004792956 110.7873 0.1269211 1.07228 
13.04091 9.281762 0.0005277527 119.7014 0.1447804 1.038027 
14.05999 9.363774 0.000547889 118.9211 0.1264005 1.059749 
15.26758 9.421452 0.0004934728 110.929 0.12566 1.098328 
13.41911 8.915527 0.0005393126 117.0252 0.1315428 1.009421 
14.212 9.478557 0.0005297983 109.3725 0.1318938 1.048124 
13.89621 9.532255 0.0005540856 110.5729 0.1299916 1.046547 
14.13933 9.272234 0.0005664397 122.0417 0.1284015 1.029702 
13.73342 9.691578 0.0004758043 113.7621 0.1361555 1.068519 
13.77086 9.195748 0.0005340088 109.831 0.1311078 1.03787 
14.57694 9.220894 0.0005896313 112.4994 0.1238295 1.003444 
14.2996 9.54442 0.000468506 116.2353 0.1330289 1.078362 
13.23027 9.303816 0.0005236101 110.8265 0.128834 1.021945 
13.91071 9.276835 0.0005799296 115.8383 0.1309685 1.035504 
13.24326 9.597194 0.0004491146 110.603 0.1262616 1.090785 
14.16573 9.456382 0.0005385861 118.5841 0.1262564 1.082826 
13.18032 9.584594 0.0005200759 124.8098 0.1374216 1.030556 
13.86155 9.49949 0.000530658 109.6241 0.1239876 1.050035 
13.69483 9.330188 0.0005601077 120.214 0.12009 0.9806381 
13.92995 9.101639 0.0005624299 114.0182 0.1216436 1.065089 
13.62016 9.286285 0.000464513 114.3183 0.1300245 1.044805 
13.71646 9.786461 0.000500486 117.7224 0.1209796 1.067995 
14.55679 9.605442 0.0004941653 118.6724 0.1334457 1.069408 
15.21079 9.459368 0.0004933378 107.0379 0.1337706 1.068085 
13.75657 9.316787 0.0005202061 117.3687 0.1297529 1.030081 
14.39512 9.573422 0.0005017293 127.2174 0.1265652 1.033269 
13.53928 9.104419 0.0005689217 124.6837 0.1528376 1.017022 
13.44397 9.694721 0.0004915432 122.1238 0.1237396 1.077324 
13.42961 9.608661 0.0004864862 115.5548 0.1217876 1.050837 
14.16386 9.373145 0.0005447746 120.4205 0.1211356 1.043857 
13.45352 9.666499 0.0005446564 106.8837 0.1417443 1.015795 
13.44022 9.433453 0.0005463242 123.8912 0.1334256 1.024899 
14.13563 9.390256 0.0004666776 110.6747 0.1403524 1.06094 
14.53427 9.277184 0.0005498373 118.3991 0.1366974 1.057576 
14.31796 9.449217 0.00048768 116.2191 0.130864 1.093501 
13.26873 9.659469 0.0005506857 126.108 0.1298758 1.042319 
14.68162 9.695942 0.0005947137 114.2164 0.1223617 1.009078 
13.72211 9.623184 0.0005975685 110.4041 0.1311467 0.9998002 
13.58465 9.568687 0.0004968833 118.7078 0.1258472 1.04262 
14.18815 9.339392 0.0005054282 115.4745 0.1238762 1.059424 
13.76934 9.718252 0.000466197 115.5847 0.1247222 1.055987 
14.12416 10.0074 0.0004847441 116.6378 0.1314814 1.072367 
13.59282 9.290993 0.0004980834 120.1876 0.1226298 1.050982 
14.19944 9.572053 0.0004875286 120.2257 0.1232032 1.047872 
13.22598 9.377523 0.0005203986 119.0515 0.1195597 1.066672 
13.63893 9.755269 0.0005582944 122.5364 0.1165314 1.072422 
12.91905 9.127781 0.0005504761 125.2264 0.1229705 1.041664 
13.703 9.696963 0.0004698034 115.604 0.1276607 1.065253 
13.96017 9.320732 0.0005376941 118.3202 0.1315355 1.053916 
14.10032 9.506503 0.0005173662 114.6222 0.1238448 1.020154 
14.1137 9.181818 0.0005143406 119.7989 0.1225528 1.038137 
13.77366 9.090731 0.0004883706 118.0884 0.1244974 1.064114 
14.07748 9.573962 0.0004906742 112.1938 0.1354756 1.090607 
13.72821 9.373787 0.0005256355 125.0159 0.1359452 1.037814 
14.36976 9.126218 0.0005874903 109.7554 0.1320461 1.028034 
13.3063 9.406098 0.000552996 117.615 0.13033 1.042789 
14.17933 9.55762 0.000495725 119.3385 0.1268481 1.047339 
13.16562 9.404737 0.0005892105 117.8865 0.1359453 1.006946 
12.93521 9.454092 0.0005132423 117.7915 0.1315582 1.053434 
14.41529 9.313289 0.0005776027 118.4469 0.1319436 1.006449 
13.50517 9.198658 0.0005425959 109.4616 0.1226738 1.022341 
13.97277 9.263802 0.0005942834 113.8279 0.1347156 1.014508 
14.4929 9.644615 0.0004633151 119.3117 0.1277704 1.085408 
13.26155 9.453486 0.0004823486 122.939 0.1329543 1.057657 
14.00213 9.249705 0.00055944 117.6314 0.1339498 1.017099 
14.00025 9.56895 0.0004985729 113.2672 0.1157274 1.032556 
14.72682 9.346647 0.0006005701 114.7901 0.131851 1.009199 
14.01975 9.584904 0.0005356093 114.6005 0.1312246 1.068488 
13.81829 9.639893 0.000556805 112.8463 0.131697 1.059811 
13.10208 8.996234 0.0005226246 122.8819 0.1309496 1.056628 
13.65627 9.246279 0.0005416398 117.4216 0.1326956 1.051811 
13.57628 9.380106 0.0005255105 116.9297 0.1258474 1.052773 
14.24064 9.340159 0.0005185942 117.6364 0.1300604 1.049275 
13.99034 9.770342 0.0005118802 115.1294 0.130023 1.057321 
13.87388 9.644574 0.0004943077 110.5702 0.1209938 1.093788 
13.95543 9.658729 0.0005242007 110.635 0.1287095 1.059551 
13.08118 9.344181 0.000480883 123.9838 0.1279218 1.033457 
13.69905 8.950495 0.0006698534 114.035 0.1260788 1.006348 
13.59834 9.236307 0.0005814336 118.9038 0.12142 1.026632 
13.28456 9.500377 0.0005441275 111.858 0.1289867 1.015523 
14.1308 9.012669 0.0005210521 111.957 0.1349918 1.021237 
14.12536 9.822428 0.0004689796 114.8432 0.1152383 1.086783 
13.52335 9.398861 0.0005746242 114.616 0.1287221 0.9974531 
14.09864 9.425141 0.0005409852 107.5918 0.1251339 1.018416 
13.4599 9.408128 0.000535669 112.1018 0.1330708 1.042973 
14.54301 9.207446 0.000564863 121.207 0.1279526 1.038452 
12.80661 9.446839 0.0005450069 118.8199 0.1324471 1.03108 
13.63589 9.643809 0.0004638397 115.7278 0.1318499 1.093207 
14.31563 9.525162 0.0005039157 118.0039 0.1226422 1.011905 
13.91661 9.422167 0.000573861 112.2276 0.1327691 1.019728 
13.73518 9.412889 0.0005331837 120.449 0.1342865 1.073283 
14.45011 9.252831 0.0005246762 114.7118 0.1299815 1.048233 
13.30054 9.546022 0.0005462129 117.4794 0.1386283 1.049332 
14.14186 9.242325 0.0005748136 106.7563 0.1234183 1.010707 
14.10092 9.366879 0.0004776704 119.1613 0.1329359 1.063608 
13.01591 9.550616 0.00054705 119.0672 0.1404637 1.014327 
13.76266 9.232805 0.0005320254 112.7254 0.1298812 1.054024 
13.26707 9.268951 0.0005844485 110.1569 0.1255576 1.007129 
14.00935 9.440599 0.0005827831 118.7573 0.1269154 1.037673 
13.7389 9.543338 0.000564436 118.8745 0.1214115 1.012481 
13.64342 9.370173 0.0004982724 119.1039 0.1246045 1.074112 
14.15831 9.352657 0.0004969327 118.5672 0.1300809 1.052634 
13.60246 9.239833 0.0005619065 110.3864 0.1247021 1.018097 
13.60334 9.37127 0.0004918488 106.4086 0.122804 1.049033 
13.84123 9.299211 0.0005300595 117.5564 0.1394336 1.051687 
13.51267 9.310637 0.0005301078 116.8972 0.1274792 1.029198 
13.1227 9.510255 0.0005527229 122.5485 0.1316333 1.035537 
13.9976 9.311298 0.000567505 118.1912 0.1235808 1.031607 
13.06092 9.026881 0.0006057545 121.6629 0.121262 1.027421 
13.00696 9.307538 0.0005881633 121.2544 0.1306499 1.016521 
13.80276 9.61385 0.0005418818 113.9923 0.1317448 1.03821 
13.62317 9.283381 0.0005344745 104.9176 0.1256281 1.042571 
13.69562 9.666434 0.0004326235 114.4802 0.1270737 1.11593 
13.7592 9.9083 0.00047254 106.659 0.1312989 1.087043 
13.4312 9.497603 0.0005191136 115.7885 0.132622 1.040459 
13.86347 9.581957 0.0005057355 114.0855 0.1241837 1.064667 
13.81448 9.260049 0.0005230184 122.6554 0.1322481 1.059702 
13.31162 9.219053 0.0005173474 117.5393 0.1248884 1.054748 
13.28439 9.455412 0.0005664484 115.2842 0.1273691 1.025294 
14.53867 9.581318 0.00053436 127.6014 0.1324891 1.035479 
13.25515 9.307159 0.0005207649 115.7445 0.1274869 1.028712 
13.94743 9.403147 0.0005371637 105.2298 0.1225801 1.052774 
13.62964 9.606727 0.0005615787 108.2063 0.1278916 1.012086 
13.2724 9.073517 0.0005394572 116.1686 0.1341365 1.04393 
14.45373 9.389952 0.0005252405 113.5311 0.1290866 1.007188 
13.99737 9.401214 0.0005357835 105.9361 0.1271483 1.069441 
13.93618 9.6038 0.0005536541 126.5947 0.121692 1.026229 
12.56121 9.550018 0.0005118105 112.6075 0.130365 1.043705 
14.62039 9.397542 0.0004490223 119.7701 0.1332009 1.07123 
12.71128 9.420919 0.00055292 107.6786 0.1292453 1.008743 
13.40047 9.273098 0.0005217793 118.5723 0.141139 1.063273 
12.78877 9.530792 0.0005693839 117.5201 0.1379148 1.033555 
13.83115 9.562899 0.000522011 125.6339 0.1258496 1.037443 
13.74673 9.353885 0.0005433849 124.8593 0.1291414 1.063645 
13.40755 9.496825 0.0005013735 117.8676 0.128082 1.061335 
13.95798 9.419627 0.0005497103 127.1542 0.1248889 1.019739 
13.74842 9.468712 0.0004804207 111.3002 0.1183391 1.071435 
14.39492 9.692042 0.0005622389 110.4778 0.134878 1.058226 
13.86492 9.546 0.0005035561 117.7895 0.1312092 1.061516 
13.30199 9.610009 0.000588011 113.3558 0.1295977 1.023912 
14.55212 9.386582 0.0005439556 126.7386 0.117313 1.055594 
13.47268 9.152159 0.0005184637 126.0417 0.1303875 1.040844 
13.98931 9.210336 0.0005267992 112.8148 0.1311266 1.053924 
14.15687 9.826026 0.0004726128 113.5941 0.1278078 1.085633 
14.10911 9.685594 0.0004635891 113.5189 0.1284251 1.057015 
13.73702 9.510266 0.000514237 118.8131 0.1377435 1.03516 
13.32951 9.475006 0.0004951355 111.0377 0.1233265 1.074941 
14.18666 9.216218 0.00057883 116.4361 0.1176428 1.024237 
13.43971 9.467309 0.0005299305 111.9533 0.1287396 1.042355 
13.17653 9.485971 0.0006004644 117.8625 0.1308855 1.000502 
13.98965 9.207178 0.0004833954 116.3864 0.1401202 1.073967 
13.90777 9.516807 0.0004868226 117.3686 0.1284904 1.024459 
13.60954 9.642729 0.0005461485 121.6722 0.1350318 0.997898 
13.61443 9.340889 0.0005831014 107.312 0.1189728 1.039334 
13.56043 9.397373 0.0005513243 116.9384 0.1333108 1.018976 
14.76225 9.339986 0.0005318678 121.3706 0.1238724 1.038717 
14.4628 9.442266 0.000532312 129.9689 0.1378553 1.025254 
14.60134 9.411046 0.0004997964 115.6922 0.1358955 1.07513 
14.18894 9.204853 0.0006379708 111.6769 0.1278229 0.9953539 
14.51934 9.535905 0.0004856327 119.6943 0.124491 1.064154 
13.71513 9.460209 0.0005579166 120.2289 0.1256949 1.043147 
13.15755 9.2895 0.0004845476 123.0901 0.1246974 1.089956 
14.13948 9.015195 0.0005715403 118.2626 0.132898 1.026014 
14.39515 9.058547 0.0005964582 114.3714 0.1220516 1.023418 
13.3089 9.352866 0.0005491431 116.4244 0.1344851 1.025633 
13.97768 9.210214 0.0005810298 126.7444 0.1217541 0.9980597 
14.77385 9.272541 0.0005675638 116.8175 0.1217149 1.050214 
13.90697 9.177892 0.0005748812 124.1663 0.1356779 1.024381 
14.18859 9.474701 0.0005625301 114.9311 0.1255632 0.9902062 
13.80601 9.437102 0.0005061941 116.5845 0.1311521 1.057502 
14.1096 9.047014 0.0005953322 118.4938 0.1214234 0.9941728 
13.75605 9.611923 0.0005029085 111.1781 0.1399211 1.057931 
14.61363 9.675028 0.0004743462 124.801 0.1141321 1.050079 
13.9154 9.435729 0.0005103177 122.5086 0.1327662 1.050883 
14.31561 9.444103 0.0005235349 122.605 0.1287123 1.033705 
14.07788 9.446125 0.0005188801 120.8577 0.1329048 1.064947 
14.02603 9.535817 0.0005626416 106.0045 0.136454 1.006597 
13.65966 9.520323 0.0005231123 113.1805 0.1332626 1.04784 
13.57159 9.533174 0.0005465233 118.8641 0.1398287 1.0367 
13.86561 9.219613 0.0004775126 112.6462 0.1373349 1.03493 
14.21163 9.140041 0.0005143971 114.6287 0.1283965 1.036757 
14.10571 9.233411 0.0005242164 115.6895 0.1242042 1.040319 
13.28249 9.44318 0.0004622017 113.9034 0.1191007 1.069822 
13.69578 9.396663 0.0004915292 112.4604 0.1259652 1.057213 
13.54599 9.26046 0.0005542887 111.6315 0.1275371 1.028201 
13.50708 9.167905 0.0005533788 116.6578 0.1239729 1.024771 
14.49616 9.797259 0.0005628268 125.2162 0.1345446 1.038458 
13.67922 9.57241 0.0005264637 114.5884 0.1349856 1.016014 
13.94092 9.282476 0.0005457169 120.0848 0.1229663 1.02567 
13.86437 9.038534 0.0005247741 117.2398 0.1380941 1.034326 
14.43716 9.50637 0.0005632658 122.1346 0.1288819 1.045402 
13.46061 9.266263 0.0005659156 115.7626 0.1222441 1.056445 
14.12319 9.685402 0.0005128922 119.1851 0.1348702 1.044963 
13.87404 9.364161 0.0004732205 106.3003 0.1348041 1.067497 
14.63697 9.082932 0.0005783665 120.4147 0.1311053 1.015915 
13.30739 9.305383 0.0005140849 121.2546 0.1273703 1.004719 
13.35077 9.702487 0.0005008635 115.0081 0.132024 1.04654 
13.97339 9.236687 0.0005654195 112.7587 0.1270557 1.021784 
14.09903 9.273859 0.0005307363 116.5112 0.1447978 1.033355 
14.45819 9.506657 0.0004908344 115.7255 0.1365012 1.052408 
14.02454 9.769497 0.0004869124 116.6803 0.1408459 1.059393 
13.85741 9.321566 0.0005012681 123.1021 0.1318326 1.052205 
14.32227 9.409848 0.0005231473 117.4593 0.1335591 1.051914 
14.23916 9.441997 0.0005719679 112.4375 0.1276093 1.001099 
13.42179 9.067903 0.0005379462 109.6722 0.1253321 1.066009 
14.09908 9.43738 0.000572811 120.2257 0.126597 1.025052 
13.13078 9.707625 0.0005388169 123.401 0.1293826 1.045503 
13.12862 9.598437 0.0005556881 118.9421 0.1363279 1.00804 
14.26947 9.527675 0.0004362954 114.1283 0.1321369 1.085791 
13.3801 9.607916 0.0005121077 125.753 0.1328552 1.066774 
14.23999 9.566238 0.0005407745 125.706 0.1352959 1.031503 
13.19374 9.849382 0.0004875765 112.6368 0.1368292 1.052293 
13.83868 9.279903 0.0005385437 118.5905 0.1210137 0.9977965 
14.28145 9.48365 0.0005487412 116.3285 0.1214177 1.025294 
13.90739 9.405116 0.0005518975 108.4577 0.1268008 1.026349 
13.64226 9.009038 0.0005331069 109.8327 0.1282723 1.092791 
13.95487 9.659787 0.0005509367 116.815 0.1309802 1.055857 
13.94522 9.617644 0.0005492893 115.3402 0.1260293 1.019062 
13.51744 9.496966 0.0005670958 115.8764 0.1260658 1.017688 
13.85352 9.208103 0.0005236467 129.7219 0.1258494 1.078855 
13.73011 9.175405 0.0005590978 116.0518 0.1328341 1.026599 
13.9444 9.322252 0.0005253674 110.7991 0.1326905 1.058083 
13.14588 9.38625 0.0004650418 120.1313 0.1278651 1.031428 
13.6072 9.123413 0.0005566137 107.8141 0.1366842 1.026371 
14.71172 9.45679 0.000563092 115.3054 0.1213144 1.059851 
14.04145 9.324653 0.0005610925 114.2674 0.1203963 1.035563 
13.7797 9.544404 0.0004746898 116.8681 0.1238724 1.053515 
14.43569 9.674041 0.0004820296 121.3235 0.1257902 1.070036 
13.40015 9.48443 0.0004963358 117.0372 0.130115 1.052649 
14.72773 9.224624 0.0005070576 129.0215 0.1284612 1.019644 
13.95455 9.410773 0.0004786807 120.6151 0.127376 1.062074 
14.06159 9.114858 0.0005340251 125.3229 0.1319139 1.012005 
13.9254 9.27869 0.0005248433 122.2549 0.1352134 1.059203 
14.04471 9.249887 0.0005425887 103.4819 0.1317732 1.015436 
13.89302 9.341089 0.000497906 115.7811 0.1383244 1.056627 
14.34173 9.286088 0.0005521628 115.9772 0.1226505 1.060208 
13.87195 9.571519 0.0005120512 116.6406 0.1243509 1.025409 
14.20705 9.125312 0.0005070795 114.0454 0.1285722 1.042779 
13.82681 9.865597 0.0004928743 120.022 0.129513 1.065972 
14.00694 9.172648 0.0005499571 113.4061 0.1283035 1.031649 
13.39381 9.665557 0.0005600217 117.3361 0.1218717 1.019979 
13.83435 9.215809 0.0005596351 119.6748 0.1332785 1.051864 
13.62546 9.672014 0.0004620816 120.1819 0.1372039 1.087432 
13.47922 9.517864 0.0005561636 118.6605 0.1274957 1.044833 
13.85413 9.201617 0.0005190472 122.7441 0.1236019 1.044904 
13.1923 9.153502 0.0005816178 109.2922 0.1279009 1.04047 
13.35373 9.235314 0.0005326207 118.3653 0.1329859 1.009931 
13.12161 9.471148 0.0005387223 122.175 0.1277105 1.035903 
14.54851 9.4773 0.000518454 119.5054 0.1353744 1.044635 
13.91181 9.573633 0.0004810458 116.794 0.1247919 1.064401 
13.43472 9.688127 0.0005235879 117.0097 0.121918 1.065117 
14.00371 9.459147 0.0004370816 116.2911 0.1287242 1.059654 
12.77468 9.303404 0.0004905939 116.3914 0.1283493 1.048355 
13.68124 9.405982 0.0004385553 115.5715 0.1347139 1.115454 
13.94113 9.663442 0.0005170066 105.428 0.131608 1.021662 
13.61346 9.790533 0.000491215 117.6694 0.1337199 1.049696 
13.87414 9.452935 0.0005326442 116.034 0.1274195 1.040676 
14.55327 9.252555 0.0006057842 112.5853 0.127598 1.035048 
13.83084 9.444339 0.0005420955 113.566 0.127223 1.051144 
13.00838 9.494143 0.0005256193 118.6042 0.1350274 1.035196 
13.74483 9.496023 0.0005207678 122.7557 0.1321526 1.052495 
13.71389 9.759513 0.0004745652 117.5111 0.1376561 1.059734 
13.45052 8.920677 0.0005481287 110.8445 0.1292304 1.06674 
14.22118 9.314985 0.0005167231 110.8605 0.1307632 1.042621 
13.79006 9.360247 0.0005579082 120.335 0.1273673 1.039875 
13.54757 9.46601 0.0004932047 119.328 0.1287184 1.048042 
13.72254 9.248057 0.0006103982 115.8553 0.121868 0.9991047 
14.0314 9.520789 0.0005278222 110.6619 0.134256 1.070331 
13.71007 9.106064 0.0005416037 110.5228 0.127892 1.035925 
14.22956 9.462259 0.0004741299 121.9549 0.1192979 1.095485 
13.90403 9.271687 0.0004935411 114.2239 0.1244626 1.045119 
13.3281 9.353772 0.0005073072 113.2133 0.120983 1.025249 
13.88978 9.326524 0.0004551735 113.6157 0.1278306 1.096833 
13.50143 9.265031 0.0005163245 118.352 0.1348296 1.01312 
13.97491 9.647623 0.000468488 114.9248 0.1256197 1.083077 
14.93946 9.431932 0.0004918529 115.5212 0.1219652 1.036376 
13.89539 9.371904 0.0005168672 119.1597 0.1253131 1.03584 
13.48989 9.547313 0.0004709696 119.9813 0.1287843 1.051217 
13.13948 9.29402 0.0005177876 115.3771 0.1214077 1.050039 
13.76314 9.719178 0.0004854717 118.8265 0.1325104 1.052343 
14.12206 9.668332 0.0004711315 112.3615 0.1376303 1.11629 
12.63608 9.624695 0.0005008595 109.7526 0.1260744 1.048225 
13.44511 9.426997 0.0005531048 121.1561 0.1360102 1.036594 
13.07979 9.323586 0.0005144758 122.4736 0.129449 1.045064 
13.76371 9.339486 0.0005782803 120.4531 0.1265744 1.043919 
14.181 9.711493 0.0004919768 111.1329 0.1386671 1.056514 
13.23853 9.424627 0.0004932532 120.4277 0.1239671 1.02691 
13.79803 9.41435 0.0004996613 114.8502 0.1278506 1.083935 
15.09879 9.322927 0.0005326857 112.9626 0.1229743 1.036946 
13.29456 9.712513 0.0005223491 123.7654 0.1321676 1.067746 
14.15431 9.473403 0.0004765013 115.0676 0.128734 1.071672 
13.75978 9.572848 0.0004978465 117.6115 0.1266784 1.065788 
13.23645 9.571676 0.000515181 109.2773 0.1225318 1.024088 
13.90784 9.178457 0.0005507939 126.5938 0.1316605 1.006932 
13.7118 9.579337 0.000510877 110.6955 0.1283871 1.056389 
13.01499 9.585515 0.0005349007 112.1979 0.1320044 1.015071 
13.93768 9.77583 0.0005603881 107.1542 0.1347496 1.03752 
13.67648 9.617881 0.0005188822 115.1117 0.1398217 1.040287 
13.42098 9.421391 0.000545701 117.2122 0.1339503 1.029009 
14.65148 9.036653 0.0005663878 111.9074 0.1253052 1.016658 
13.98368 9.578557 0.0005187886 115.7035 0.1254284 1.028203 
14.08254 9.641151 0.000522895 112.293 0.119448 1.068015 
14.02532 9.775937 0.0005266869 124.0997 0.1314675 1.081441 
13.42956 9.589667 0.0004920642 115.2321 0.1281055 1.046008 
13.64972 9.183317 0.0005715571 117.5134 0.1319222 1.044519 
13.92024 9.603403 0.0004795046 114.9768 0.1298443 1.045241 
13.5702 9.479582 0.0005233086 116.7728 0.1267649 1.038397 
13.21385 9.960945 0.0004713801 116.9787 0.127818 1.049926 
14.16563 9.518013 0.0005129265 121.3338 0.1281383 1.022158 
14.26351 9.316531 0.0004736596 113.222 0.1280091 1.049691 
14.00815 8.961355 0.0005545692 115.0503 0.1273709 1.021885 
14.2997 9.44384 0.0005279035 114.5401 0.1255895 1.065497 
13.91086 9.378209 0.0005875835 113.5023 0.1271772 0.9977095 
13.85985 9.325268 0.0005523777 113.3276 0.1173931 1.01272 
13.20972 9.582737 0.0005055959 118.7848 0.1374549 1.01631 
13.78821 9.7244 0.0006004551 121.3473 0.1311784 0.9989687 
14.98357 9.35085 0.0005262822 109.2522 0.134931 1.054901 
14.51528 9.105556 0.0005337794 114.1185 0.1249181 1.037022 
13.97709 9.156435 0.0005774081 116.6278 0.1317908 1.01086 
13.94562 9.435392 0.0005253258 108.8902 0.1284137 1.046236 
13.46613 9.302183 0.0004607426 116.9839 0.1227032 1.078121 
13.50982 9.209539 0.0004905272 104.9058 0.127011 1.04957 
13.86351 9.37251 0.0005711645 119.6206 0.1349271 1.043324 
14.22368 9.565049 0.0004883691 117.5367 0.1339315 1.061496 
13.53896 9.491168 0.0005433492 109.4579 0.1254758 1.029448 
13.15005 9.411244 0.0005808839 123.2156 0.1331929 1.009179 
13.07023 9.102629 0.0005207106 113.2953 0.1368601 1.044147 
13.72799 9.108225 0.0005533177 115.0705 0.1246707 1.03446 
14.22801 9.077955 0.0005190763 121.1941 0.1204898 1.047982 
13.87255 9.368976 0.0005563072 114.4152 0.1452078 1.020355 
14.78968 9.238222 0.0004621996 116.5266 0.12979 1.069399 
14.07622 9.571639 0.0005543363 116.5357 0.1338492 1.02119 
13.60533 9.437894 0.0005278683 112.1933 0.1384632 1.031909 
14.17168 9.608511 0.0005137261 115.5039 0.1387705 1.061128 
12.95115 9.590111 0.0004861274 119.7564 0.1268166 1.052503 
13.5999 8.96981 0.0005421889 114.2441 0.1301974 1.028932 
12.98659 9.198024 0.0006027975 113.6803 0.1249833 1.022261 
13.25379 9.374956 0.0005437662 117.0511 0.1304631 1.026904 
13.81592 8.984564 0.0005951983 103.9189 0.1262483 0.9907012 
14.19716 9.531134 0.0004915243 113.8777 0.130491 1.065293 
13.50472 9.560112 0.000461896 121.257 0.1333996 1.066557 
13.60087 9.631025 0.000580988 112.2544 0.1181659 1.020776 
12.86523 9.535369 0.0005297667 118.673 0.1371802 1.074221 
14.04201 9.507091 0.0005309377 120.7499 0.1300344 1.007618 
14.01707 8.915767 0.0006148796 101.8212 0.1279027 1.001276 
14.12154 9.353853 0.0004863819 108.057 0.1229402 1.05087 
14.1449 9.472997 0.0005122926 124.3565 0.1235404 1.033065 
14.3509 9.290652 0.0005200086 116.7782 0.1276588 1.038927 
14.2328 9.586097 0.0004810738 123.8923 0.1275231 1.036953 
13.86997 9.683325 0.000482322 122.7099 0.1224632 1.053477 
13.29092 9.182049 0.000496202 109.9194 0.1260447 1.085762 
13.86201 9.092738 0.0005104487 109.1226 0.1270598 1.038761 
13.82493 9.321621 0.000556008 113.708 0.1219997 1.023803 
13.84517 9.214135 0.0005453062 119.2471 0.1322327 1.044351 
14.15443 9.536384 0.0005837835 112.2774 0.1410458 1.056098 
14.11389 9.432214 0.0005401319 109.5164 0.1250292 1.040279 
14.03018 9.222849 0.0005218846 118.8083 0.1211299 1.046801 
13.14367 9.274636 0.0004910316 118.8564 0.1282038 1.027609 
13.70771 9.167836 0.0005545037 110.2363 0.1227727 1.016609 
14.24659 8.967074 0.0004888573 115.972 0.1251146 1.100725 
13.91183 9.423957 0.0005503677 111.6062 0.1361606 1.039667 
14.01935 9.385787 0.000572301 114.7814 0.1300054 0.9936174 
13.52755 9.494537 0.0005442879 120.7121 0.133865 1.029863 
13.49437 9.104635 0.0005579872 119.7542 0.1227738 1.02793 
14.18739 9.587405 0.0005838997 119.6744 0.1285952 1.027795 
13.00424 9.466392 0.0004784726 115.0635 0.1268994 1.072128 
13.28184 9.235423 0.0006257796 115.5881 0.1453949 1.013827 
14.77256 9.404269 0.0005018194 112.6986 0.120922 1.044571 
13.57654 9.631496 0.0004991458 120.8492 0.1387448 1.056825 
14.42718 9.567052 0.0005033204 127.9392 0.1377737 1.045224 
13.89067 9.610888 0.0005245615 113.5916 0.1298042 1.024201 
13.79391 9.207994 0.0005532714 115.6353 0.1374873 1.022201 
14.37416 9.595885 0.0004990426 120.7041 0.129744 1.03911 
13.28607 9.480952 0.0005034707 117.3416 0.1378204 1.047504 
14.52728 9.141355 0.0005179102 109.127 0.126494 1.005905 
14.15829 9.532548 0.0005105158 110.4691 0.1426485 1.068368 
14.17207 9.594708 0.0005590176 115.9644 0.1198107 1.034044 
14.29547 9.393481 0.0005201021 119.0931 0.1299036 1.053181 
13.01276 9.779962 0.0005259115 125.8081 0.1328881 1.014898 
14.48686 9.72418 0.0005240486 123.8777 0.1275771 1.03247 
13.79424 9.374625 0.0005368588 116.4293 0.1259006 1.025977 
14.25682 9.220358 0.0005987058 115.1814 0.1305282 1.040095 
13.9994 9.37305 0.0005560451 115.37 0.140037 1.022746 
12.97475 9.358686 0.00051618 128.3536 0.1209942 1.012898 
13.73678 9.371976 0.0005255029 121.075 0.1226803 1.018338 
14.06055 9.241004 0.0005301934 112.8094 0.1317768 1.014249 
13.74584 9.271807 0.0006091601 119.0522 0.1362178 1.03708 
13.54392 9.382116 0.0004602049 114.0599 0.1291014 1.091268 
14.26155 9.486515 0.0005368847 111.3657 0.121082 1.019461 
13.32831 9.44071 0.000538563 110.9604 0.1259686 1.015593 
14.7177 9.700156 0.000509557 105.5519 0.1309589 1.08592 
13.68876 9.419525 0.0005217845 125.0445 0.1224064 1.045971 
13.98666 9.318954 0.0005870072 116.1839 0.1287546 1.026596 
14.10444 9.525964 0.0005165488 117.351 0.1335438 1.058068 
13.84552 9.478937 0.0005104983 111.5828 0.1294689 1.04489 
13.6632 9.16868 0.000544784 113.9329 0.1321009 1.00549 
14.40567 9.309728 0.0005392894 107.0144 0.1270794 1.035965 
13.84801 9.466397 0.0004885777 115.2876 0.1247286 1.051792 
13.92894 9.636024 0.000534387 129.1459 0.1329859 1.040279 
13.57962 9.362408 0.0004792124 113.8178 0.135612 1.064752 
13.80083 9.291776 0.0005184326 103.9395 0.1331869 1.01428 
13.78252 9.6114 0.0005283296 118.5292 0.1234265 1.029718 
13.70467 9.727591 0.0005054523 111.1829 0.1320202 1.03058 
14.56359 9.264242 0.0005071972 106.9539 0.1268402 1.062335 
13.94912 9.108083 0.0005565014 120.2613 0.1256189 1.035922 
12.94445 9.499237 0.0005279836 118.727 0.13215 1.038194 
14.09265 9.354842 0.0005361943 117.2304 0.1246443 1.052215 
12.85707 9.345344 0.000526753 122.1314 0.1236736 1.043038 
13.08047 9.428135 0.0006124169 112.2451 0.1295932 0.9944381 
12.60966 9.573983 0.0004823349 120.483 0.1326865 1.07796 
13.64162 9.277622 0.0004944022 122.0156 0.129547 1.059189 
14.15614 9.558599 0.0004999366 118.4689 0.1236606 1.074171 
13.74454 8.936721 0.0005174558 113.5622 0.1425856 1.017022 
14.06379 9.463247 0.0005409933 114.9052 0.1265706 1.027092 
13.49179 9.336031 0.0004987786 111.8147 0.1306684 1.024267 
13.99714 9.473286 0.0004996784 118.2567 0.1335301 1.049642 
13.76395 9.342577 0.0004871799 127.1784 0.1251672 1.042735 
13.24263 9.386763 0.0005694626 104.0802 0.1283036 1.021039 
13.91494 9.144079 0.0005329849 115.8147 0.1374959 1.059358 
13.57696 9.314568 0.0005163163 124.3179 0.1340359 1.021278 
13.43486 9.835379 0.0004403663 116.0284 0.1339273 1.102011 
13.3712 9.510221 0.0005590593 117.4592 0.1374115 1.032788 
14.34224 9.100482 0.0005842089 112.7053 0.1281521 1.019539 
14.07616 9.322728 0.0005458727 117.5976 0.1266427 1.029446 
14.75822 9.143752 0.0006529998 115.8152 0.1183667 1.008204 
13.52464 9.32513 0.0005521946 113.7336 0.1244363 1.060978 
14.25314 9.280173 0.0005742559 118.3142 0.1305054 1.049517 
13.89169 9.807566 0.0004716413 114.4186 0.1315772 1.05465 
14.53193 9.3576 0.0004802964 114.0736 0.1309362 1.066062 
12.83891 9.12401 0.0005017409 106.8467 0.1266467 1.033697 
14.27092 9.626762 0.0004626658 114.3827 0.1338452 1.080774 
13.54909 9.446914 0.0005045643 109.1241 0.1288479 1.02683 
14.15789 9.891822 0.0004965459 121.8598 0.131016 1.047374 
13.93443 9.201984 0.0004730096 115.6893 0.1357399 1.103676 
13.18098 9.688457 0.0005241925 119.2491 0.1240429 1.07551 
14.09693 9.535652 0.0004524677 119.8151 0.1402316 1.08536 
13.85032 9.223127 0.0005877767 121.9373 0.1270066 1.057697 
13.59741 9.17814 0.0006032007 112.988 0.1233426 1.059099 
14.02366 9.690198 0.0004975052 111.9867 0.1292363 1.030009 
13.85689 9.408497 0.0005594271 116.4186 0.1291929 0.9995768 
13.87429 9.34712 0.000551159 114.5033 0.127852 1.048578 
14.23945 9.415679 0.0005278687 105.8419 0.1320769 1.036427 
14.53879 9.464467 0.0005361378 115.1555 0.1304635 1.029194 
13.25217 9.040016 0.0005141115 112.1691 0.1273419 1.052479 
12.91993 9.137783 0.000539344 124.2037 0.1345834 1.061173 
13.78056 9.453127 0.0005394324 120.3084 0.1238373 1.05066 
15.17205 9.178271 0.0005334847 113.8569 0.1282346 1.007191 
14.29154 9.298982 0.0005575729 114.8204 0.1386145 1.060796 
13.56747 9.518095 0.0004679845 113.4887 0.126134 1.099003 
14.17362 9.41106 0.0005229383 115.6653 0.1207104 1.060516 
13.75315 9.477983 0.0005056967 115.2002 0.1268802 1.064503 
14.29262 9.621144 0.0004679644 117.9913 0.1250791 1.073838 
13.98806 9.219104 0.000576732 108.9037 0.1311016 1.017927 
14.4391 9.152096 0.0005777338 115.3198 0.1289889 0.9873277 
13.319 9.561341 0.0005410704 109.9155 0.1246414 1.041426 
13.47612 9.264158 0.0005728382 115.2517 0.1259019 1.013555 
13.85371 9.359474 0.0006306271 106.7668 0.1343009 1.007297 
14.31266 9.683656 0.0004750833 124.5585 0.133642 1.074535 
13.48074 9.238165 0.0005429117 127.9758 0.1272138 1.030987 
14.1669 9.397912 0.0005325326 116.6756 0.1309469 1.050809 
13.46624 9.512338 0.0005559294 114.4662 0.1247306 1.022177 
14.30915 9.459807 0.0005384626 113.682 0.1303768 1.043072 
13.80665 8.957684 0.0005887224 111.4934 0.127511 1.042031 
13.58204 9.138024 0.0005949193 113.0499 0.1206325 1.035333 
13.24591 9.640546 0.0005023873 117.3048 0.1219084 1.032314 
13.21264 9.209985 0.0005670109 113.8372 0.1267713 1.032824 
13.68641 9.565955 0.0005522696 115.8484 0.1363672 1.01143 
13.35035 9.285977 0.0005528693 111.4704 0.1259511 1.009843 
14.69853 9.572358 0.0005153744 115.4181 0.1335281 1.067743 
14.00295 9.700354 0.0004905459 120.6134 0.1173618 1.055031