17.10143 10.18981 0.0005440285 107.3475 0.1220302 1.037403 
16.71362 10.17512 0.0005589256 118.238 0.1317964 1.032592 
17.60571 10.07593 0.0005733429 111.5714 0.1233768 1.020726 
16.91984 10.63969 0.000545318 123.0927 0.1231952 1.044323 
16.70935 10.22475 0.0005353262 114.4137 0.1258194 1.03142 
16.06258 9.502271 0.0005729399 110.2579 0.1274856 0.9896072 
17.61331 10.22963 0.0005751371 117.0704 0.1282891 1.033273 
16.76702 10.0555 0.0005396532 110.0807 0.1349926 1.038517 
15.99697 10.39906 0.0005481881 122.7036 0.1290874 1.051942 
15.34616 9.862717 0.0005740878 117.8003 0.1238772 1.010671 
16.36992 10.24284 0.0006061266 109.0943 0.123682 0.9774859 
16.10064 10.34258 0.0005258913 113.3831 0.1274889 1.033367 
16.97908 9.95379 0.0005906023 116.6116 0.1249726 1.015524 
17.91649 10.33234 0.0005022998 129.2665 0.1252245 1.064515 
15.61827 10.12182 0.0006161828 123.3179 0.1241662 0.9927789 
16.84987 10.05695 0.0006101127 122.3267 0.1406696 0.9972427 
16.85084 10.14049 0.0005831487 116.0363 0.1433362 1.004659 
16.76466 10.23008 0.0006334647 109.1576 0.1385661 1.018279 
16.03803 10.28619 0.0005709103 111.8085 0.1299287 1.011267 
16.57039 10.08873 0.0006394077 110.2985 0.1290308 1.019289 
16.6294 10.20597 0.0006546348 123.0928 0.1254808 1.012543 
15.52629 10.54433 0.0005501326 111.0657 0.1398535 1.061698 
15.4442 10.22954 0.0005824986 118.0647 0.1221119 1.017905 
15.13872 10.41638 0.000513852 112.1931 0.1319227 1.042218 
15.23007 10.37741 0.0006321996 101.1074 0.120318 0.9792991 
16.59907 10.21959 0.0005254722 105.332 0.1361656 1.00858 
14.68582 9.923368 0.000604202 114.9465 0.135821 0.9980223 
15.89928 9.725301 0.0005646154 118.0395 0.1372937 1.014869 
17.39548 9.960838 0.0006128067 124.4704 0.1277192 0.986074 
16.2591 10.47281 0.0005187639 121.2217 0.1314906 1.079687 
16.70073 10.06678 0.0005511917 125.148 0.1312281 0.9999441 
16.34286 10.41149 0.0005732947 128.8521 0.1307206 0.9872731 
16.21734 10.28972 0.0005162647 122.9389 0.1335805 1.055219 
17.11849 10.4442 0.0005652493 109.3293 0.1263261 1.018508 
16.97948 10.02609 0.0005482054 117.3067 0.133302 1.027488 
15.65433 10.32865 0.00056457 125.4191 0.1351557 1.032202 
15.24278 9.916524 0.0005320913 130.688 0.1344733 1.029115 
15.43252 10.34166 0.0005691198 124.1403 0.135355 0.9982292 
16.34624 10.52829 0.0005417642 123.9678 0.1249668 1.047584 
16.29161 10.15905 0.000592652 114.364 0.1189264 1.021061 
17.1362 9.677208 0.0006379369 124.4413 0.1275882 1.008188 
14.66945 10.19919 0.0006125249 114.1541 0.1376884 1.024071 
16.10281 10.21242 0.0005731009 116.6391 0.1276618 1.008628 
15.8185 9.977525 0.0005614532 120.7743 0.1287298 1.044215 
16.03564 10.17453 0.0005901701 110.0927 0.1173183 1.021255 
15.45564 10.00241 0.0005745401 112.7846 0.1267465 1.005752 
15.92993 10.37347 0.0005512758 110.7363 0.1225506 1.043219 
15.71408 10.08766 0.0005573093 115.2513 0.128931 1.030318 
16.06154 10.21669 0.0005762954 108.7655 0.130799 1.032201 
16.53409 9.859938 0.000544448 119.4702 0.1291031 1.043647 
16.46713 10.23875 0.0005067664 114.7362 0.1297267 1.082802 
16.86382 9.589995 0.000612168 108.7755 0.1282692 1.024591 
15.86877 10.32319 0.0005180034 111.5907 0.1384231 1.029 
15.87605 9.873806 0.000636058 115.0011 0.1298809 0.9784042 
15.47216 10.2139 0.0005607698 117.2029 0.1250326 1.057412 
14.18458 10.03281 0.0005550454 117.037 0.1295561 1.040317 
17.22487 10.39095 0.0005947407 123.3836 0.1285071 1.046923 
16.30659 10.17949 0.0005601116 110.6349 0.1312941 1.01141 
16.1084 10.13101 0.0005345896 115.6832 0.1253995 1.001102 
17.74001 9.85125 0.0006871661 116.6952 0.1256668 0.9802167 
16.99741 10.37691 0.0005456571 124.7155 0.1298156 0.9914484 
16.05836 10.20565 0.0005645698 124.5646 0.1258386 1.040419 
16.3493 10.20749 0.0005604778 111.1721 0.1335566 1.023883 
16.21584 10.38876 0.0005293685 120.4362 0.1317707 1.043396 
16.36667 10.4731 0.0005413782 118.0727 0.1229654 1.031254 
16.44682 10.50395 0.0005681229 108.6259 0.1271873 1.029444 
15.78798 10.42069 0.0005416853 114.9328 0.133097 1.069747 
16.07378 10.06125 0.0005466757 111.0173 0.122978 1.071608 
16.92457 10.34516 0.0005393507 117.9174 0.124157 1.012744 
16.24779 10.07233 0.0005487402 125.2706 0.1243083 1.029062 
14.48566 10.33737 0.0005286904 125.4336 0.1253649 1.067904 
16.28463 10.24643 0.0006187735 108.6278 0.126313 1.000239 
16.09507 10.03193 0.0005785352 110.882 0.1216457 1.01872 
16.52844 10.21563 0.0005431183 116.046 0.1303527 1.03447 
15.7756 10.15746 0.0005939227 114.2531 0.129976 1.045341 
17.02755 9.889138 0.0005098353 119.6723 0.1291038 1.045676 
15.44479 9.985295 0.0006368896 114.3076 0.1370678 1.034503 
16.56783 9.971903 0.0005421118 121.0246 0.1327293 1.043616 
16.44101 10.19469 0.0005901535 110.4861 0.132342 1.028702 
16.34086 10.28181 0.000515793 103.47 0.1408986 1.033549 
16.08116 9.884718 0.0005558576 122.44 0.1266825 1.033005 
16.47564 9.868058 0.0005676655 118.6837 0.1216625 0.9997768 
16.69459 9.583657 0.0006194807 110.584 0.1343359 1.009671 
16.30279 9.833592 0.0005969017 125.4951 0.1357702 1.044863 
16.3909 10.18233 0.0005165376 106.3739 0.1410312 1.033206 
14.95202 10.16048 0.0005308134 112.6722 0.1286301 1.024857 
15.31204 9.731137 0.0005718367 111.9432 0.1238797 1.037741 
15.50359 10.21864 0.0005234134 116.3349 0.1336707 1.050676 
16.30656 10.26583 0.0005528391 114.3351 0.1382468 1.034704 
15.92693 10.41137 0.0005583294 118.555 0.1302746 1.037174 
15.63491 9.963484 0.0005838835 119.4075 0.1392814 1.001164 
15.96673 10.2568 0.000545775 116.2267 0.1271127 1.024228 
15.54787 9.957248 0.0006442604 120.1645 0.1253829 1.004991 
15.67213 9.712115 0.0006282401 107.5028 0.1271092 0.9927296 
16.43963 9.689065 0.0006465824 107.8654 0.1298221 1.041822 
16.4314 10.2874 0.0005757536 113.5324 0.1358308 1.035871 
16.87045 10.25951 0.0006570839 114.041 0.1242182 1.018654 
16.6378 10.38112 0.0005460096 124.0566 0.1218964 1.022963 
16.78936 10.22469 0.000595365 120.3363 0.1265635 1.033281 
15.9568 10.12466 0.0005783839 121.5146 0.1337143 1.004736 
15.24248 10.238 0.000552638 130.7993 0.1258621 1.028655 
15.72175 10.44697 0.0005595054 113.3714 0.1292034 1.054766 
16.56628 9.972596 0.0006057926 114.8701 0.1386489 1.005169 
16.65348 10.74537 0.0005345632 122.223 0.1266543 1.050629 
15.73112 10.27813 0.0006007568 120.2565 0.1270953 1.029209 
16.13576 9.667668 0.0005172254 113.1515 0.1197421 1.057443 
15.94367 10.26191 0.000569693 124.9433 0.1286959 1.025053 
16.76163 10.21953 0.0005613688 114.7665 0.1231994 1.029063 
15.78869 9.907145 0.000634172 119.7379 0.1248162 1.037275 
16.01511 10.37346 0.0005632447 118.7349 0.1374705 1.051331 
16.33945 10.20853 0.0005698353 111.1468 0.1341175 1.027777 
16.73839 10.23012 0.0006495105 106.9078 0.1291188 1.023378 
15.80151 9.976528 0.0005695532 127.2638 0.123339 1.02583 
17.16452 10.24312 0.0005923182 122.3829 0.123386 1.023452 
16.60272 10.20435 0.000567458 107.2897 0.133905 1.026432 
16.10991 10.21072 0.0005273472 117.3159 0.1342524 1.040808 
15.71266 10.03839 0.0005757228 109.4506 0.1354843 1.035815 
15.53884 10.0897 0.000514224 121.5862 0.1350575 1.03118 
16.0553 10.24041 0.0005827211 113.289 0.128435 1.028035 
16.70054 10.19007 0.0006417593 119.2857 0.1350627 0.9994986 
15.26802 10.18785 0.0005792694 108.8298 0.1287951 1.014821 
15.70791 10.12272 0.0005185726 121.82 0.1165559 1.014081 
16.14079 9.917356 0.0005859644 112.4241 0.1297568 1.027012 
15.60172 10.57327 0.0005318336 114.339 0.1376731 1.023872 
16.60784 9.512336 0.00064681 121.5737 0.124709 1.027069 
17.27095 10.37367 0.0005455663 116.3213 0.1256897 1.046007 
16.50657 9.828929 0.0005904207 108.8711 0.1263499 1.041968 
16.25331 10.21377 0.0005535206 122.8848 0.1345904 1.045308 
16.29385 10.13024 0.0005769889 109.6498 0.1209971 1.027187 
17.08085 10.16523 0.0005430587 113.5408 0.1203217 1.075799 
15.66371 10.19391 0.0005442476 119.2129 0.140839 1.028814 
16.4296 10.1456 0.0005754425 120.4045 0.1331919 1.044806 
16.4022 10.14366 0.0005879708 121.6614 0.1271946 1.017631 
17.23755 10.20437 0.0005444686 111.5136 0.1261489 1.05748 
16.6988 10.0826 0.0006056256 113.8986 0.1323268 1.006687 
17.10437 9.901021 0.0006210883 123.0047 0.1374652 0.9956253 
16.51585 10.44843 0.0005685625 104.0748 0.132903 1.012581 
15.77306 9.859188 0.0005998287 120.4397 0.1298167 1.018707 
16.86032 10.21507 0.0005622581 118.3251 0.1306311 1.031966 
16.16786 10.31094 0.0005564742 114.6513 0.1296822 1.055774 
16.82781 10.33665 0.0005659277 125.045 0.1230787 1.066183 
16.88871 9.794299 0.000669307 114.8851 0.1288834 1.003306 
16.58541 10.44329 0.0005729785 115.1083 0.1317132 1.040054 
16.9165 10.28087 0.0005893068 117.2589 0.1277974 1.019519 
16.93263 10.57617 0.000558854 111.5807 0.1286244 1.044968 
16.26326 10.47587 0.0005321999 126.0959 0.1284395 1.043504 
15.69772 10.14097 0.0006332097 120.2283 0.1345561 1.014991 
16.10609 9.709076 0.0005999222 119.8328 0.1303148 1.04518 
17.14247 10.03689 0.0005604772 113.367 0.1286005 1.038146 
15.90562 10.19013 0.0004890432 122.914 0.1208651 1.068602 
17.73494 10.15487 0.00056576 122.7665 0.1377819 1.051803 
16.65601 10.33183 0.0005634225 118.0204 0.1189827 1.052086 
15.54783 10.08253 0.0005502864 126.0389 0.1234814 0.9984701 
16.09226 10.45081 0.0005574506 117.9967 0.1338386 1.006854 
16.97648 10.63786 0.0005614322 126.3228 0.1298335 1.041696 
15.83391 10.27681 0.0006188298 127.9212 0.1196747 0.9909798 
14.71217 10.1526 0.0005864007 114.3099 0.1320189 1.038802 
16.06327 10.46653 0.000556758 112.3915 0.1298316 1.020431 
16.31368 10.2275 0.0005716365 124.3063 0.1290593 1.065745 
16.71885 10.23718 0.0005502451 113.6434 0.1308284 1.03015 
16.28025 10.37848 0.0005324596 118.2625 0.1277202 1.019913 
15.82394 10.08246 0.0005786598 111.4559 0.1206288 1.028244 
16.59346 10.47408 0.0004970414 123.2711 0.1260188 1.054896 
16.6838 10.18507 0.0005366349 113.6103 0.1303667 1.037172 
15.84529 9.736808 0.0005870854 119.3506 0.1275865 1.020317 
14.77865 10.20695 0.0005826689 114.3081 0.1416893 0.9843662 
15.37046 10.27385 0.0005595386 127.3202 0.1355029 1.040202 
15.87799 9.801874 0.000497269 122.1493 0.120802 1.047412 
15.52663 9.868993 0.0005645116 107.7824 0.1349219 1.04195 
16.13235 10.01929 0.0006036016 117.3149 0.1373903 1.010574 
15.4482 10.13881 0.0005813719 110.6254 0.1333709 1.001052 
16.04724 9.977668 0.000560923 104.424 0.1275435 1.049499 
15.40581 10.19516 0.000577987 111.3947 0.1308975 1.00511 
15.39203 9.831782 0.0005952739 119.6581 0.138212 1.005188 
16.20303 10.19609 0.0005464048 108.8378 0.1251116 1.048511 
16.0782 10.43573 0.0006045405 122.0479 0.1347325 1.01373 
16.30159 9.991405 0.0005865029 105.3815 0.1354722 1.002479 
17.9903 10.35531 0.0005171082 114.8412 0.1282601 1.039202 
17.05035 10.04523 0.0005388881 116.1571 0.1265446 1.056329 
17.15102 10.08692 0.0005545645 116.5421 0.1216235 1.020455 
17.27379 10.34812 0.0005878719 113.1956 0.1293361 1.042249 
16.89918 9.912927 0.0005898735 108.6508 0.13333 1.003292 
15.91532 10.53779 0.0005403479 117.0939 0.1279785 1.037975 
17.21685 10.57917 0.0005516399 113.9496 0.1280262 1.016644 
15.98464 10.22751 0.0006585054 114.0213 0.1240356 0.9747729 
15.70926 10.4063 0.0005765248 122.3445 0.1330152 1.040061 
15.55255 10.45524 0.0005509266 121.9186 0.1309083 1.021776 
16.57262 10.16986 0.000576907 123.6908 0.1262581 1.00625 
16.70567 9.767262 0.0005867533 121.2512 0.1255012 1.019671 
15.91112 9.918513 0.0005657914 116.0933 0.1301883 1.043799 
15.20427 10.10694 0.0005563289 121.0706 0.134744 1.019838 
16.56089 10.48314 0.0005766634 120.7431 0.1299258 1.023408 
16.31267 10.32018 0.0005965082 114.1407 0.1325446 1.05882 
16.26089 9.96621 0.0006365381 118.1233 0.1220565 1.015109 
16.662 10.26674 0.0005542623 120.6808 0.1230403 1.039897 
15.90992 10.01199 0.0005897203 121.2914 0.1234755 1.033589 
15.55198 9.952103 0.0005752672 123.1533 0.1198469 1.038654 
16.08663 9.988858 0.0005466865 119.5637 0.1201128 1.035604 
15.9638 10.20546 0.0005907266 117.0098 0.130396 1.037131 
15.75253 10.05859 0.0005649774 109.7097 0.1219836 1.048705 
16.26297 10.77979 0.0005782527 116.4497 0.1342475 1.031167 
16.69001 9.856036 0.0005797504 118.1793 0.1252627 1.009075 
17.95466 10.15418 0.0005706519 111.9518 0.1173465 1.009578 
16.28645 10.25074 0.0005286543 115.9572 0.1367378 1.072093 
16.35167 9.962485 0.0005950837 116.6979 0.1284174 1.050065 
15.11132 10.48578 0.0005369282 116.8519 0.125889 1.060756 
16.30309 10.1445 0.000622422 111.8891 0.1320946 1.037209 
15.44344 10.28274 0.0005186925 116.9315 0.1267796 1.061937 
15.81848 9.915117 0.0005667019 117.6269 0.1293079 1.017163 
17.0537 9.955135 0.0005820093 118.9382 0.1262717 0.9996549 
16.95402 10.70109 0.0005888781 112.6728 0.1350899 1.024422 
16.79644 10.21897 0.0005935089 122.8657 0.1305251 1.031626 
17.3756 9.998723 0.000629218 121.5346 0.1173937 1.005369 
16.70525 10.44099 0.0005461343 125.7595 0.1329982 1.055822 
16.75279 10.35583 0.0005739885 110.4091 0.1264817 1.056138 
17.24442 10.28145 0.0005715624 111.6154 0.1211553 1.037388 
15.63127 10.0288 0.0005439981 117.2603 0.1356682 1.032873 
16.1817 9.800242 0.0006280105 117.8815 0.1311704 1.018159 
17.16041 10.25476 0.0006260312 121.2234 0.1306377 1.000069 
16.50961 10.25909 0.0005723828 123.9514 0.1343519 1.009716 
17.45078 10.61098 0.0005265927 117.4839 0.12146 1.068447 
17.5773 9.949599 0.0005620328 111.4559 0.1284266 1.02579 
16.05232 10.0542 0.0006303263 112.9398 0.114764 1.008199 
15.83037 10.02024 0.0006168249 116.6931 0.1190389 0.9802846 
15.59216 9.788543 0.0005369084 117.7985 0.1279163 1.048622 
16.02276 10.26693 0.0005535655 122.3938 0.127247 1.020609 
16.16977 10.04157 0.0005481769 120.2196 0.1210784 1.020614 
15.16685 9.832268 0.0005726736 119.6979 0.1332231 1.026839 
15.6291 9.924441 0.0005568422 120.3147 0.1283553 1.018917 
15.85859 10.12326 0.0006165944 124.4548 0.1336867 1.008902 
16.30414 10.08499 0.000624648 118.8553 0.1228812 1.022763 
17.19273 10.18815 0.0005881648 123.9422 0.1352069 1.006265 
16.72523 10.20353 0.0005290547 112.7499 0.1280457 1.048259 
16.12393 10.30357 0.0006020589 115.6926 0.1336268 1.009038 
15.79626 10.39455 0.0005271297 122.0586 0.1317137 1.054234 
17.10395 10.24872 0.0005472465 118.3739 0.1297405 1.019691 
16.52493 9.792285 0.0005731596 117.0527 0.1313385 1.033034 
15.73885 9.812723 0.0006319047 121.8512 0.1222224 1.015622 
16.39839 10.24497 0.0005303252 121.1598 0.1290891 1.045632 
16.37997 10.6043 0.0005315312 107.3799 0.1300065 1.020803 
16.02419 10.49688 0.0005586682 117.0709 0.1371063 1.037294 
16.01504 10.08397 0.0005457038 115.5814 0.1190448 1.024065 
17.27015 9.963668 0.0005961241 111.4936 0.1205551 1.005573 
16.55631 10.09415 0.0005004628 120.2107 0.1266673 1.066823 
16.09025 10.36433 0.000506292 118.5229 0.1261581 1.067208 
17.16569 10.13865 0.0005760523 110.6059 0.1347163 1.019828 
16.06903 9.924853 0.0005980748 105.9764 0.1326968 1.021447 
16.71498 10.5463 0.0004890849 115.4294 0.1389969 1.055402 
16.65749 10.10333 0.0006065307 113.6331 0.1262558 1.028546 
16.31092 9.966349 0.0005938254 108.9308 0.1318557 1.029423 
16.04916 9.622055 0.0006197471 125.6972 0.1347658 1.00732 
16.73801 9.416859 0.0006004816 123.3442 0.1353073 1.004194 
16.4528 9.975965 0.0005759417 114.0737 0.1338927 1.005041 
15.09536 10.13225 0.0005905183 118.8163 0.1318962 1.023484 
17.10006 10.34103 0.0005819217 112.4886 0.1250453 1.026252 
15.95643 9.407318 0.0005433104 108.4454 0.121972 1.056542 
16.80202 10.99081 0.0005100088 120.3101 0.1245125 1.049483 
15.53329 10.34243 0.0005313292 114.284 0.1345662 1.013659 
17.88676 10.28816 0.0005215024 121.4358 0.1289001 1.083692 
15.42861 10.4416 0.0005755208 118.4269 0.1280516 1.02715 
17.79782 10.08587 0.0005452154 118.2345 0.1255121 1.072619 
16.03113 10.3242 0.0005711111 118.4251 0.1278045 1.01922 
16.94517 10.3513 0.0005793006 120.9354 0.1237104 1.035661 
16.28124 10.1964 0.0005732679 114.0532 0.1251262 1.010559 
15.34947 10.08754 0.0006490287 120.6245 0.1313597 1.006416 
16.41939 10.26657 0.0005763661 102.2437 0.1233906 1.038965 
16.63841 9.894723 0.0005948326 108.8748 0.1213238 0.9956562 
15.82409 9.792949 0.0005788605 117.6909 0.1316363 0.9947856 
15.72829 10.06756 0.0005524874 111.6638 0.123124 1.023436 
16.85843 10.28668 0.0005388537 110.5403 0.1368447 1.05811 
16.22852 10.19642 0.0005792198 114.1985 0.1346262 1.033608 
17.06954 10.04996 0.0005898141 124.6222 0.1352959 1.037862 
16.25121 10.39639 0.0005997338 119.9857 0.1318859 1.019261 
16.80479 10.1158 0.0006351021 109.8537 0.1278882 1.022406 
16.13466 10.22436 0.0006169256 108.2361 0.1332224 1.020237 
17.11955 10.65733 0.0005206893 120.3495 0.1314138 1.046701 
17.34131 10.45718 0.0005366651 113.065 0.1283102 1.048994 
16.2988 10.12146 0.00056367 113.2255 0.1295774 1.063116 
15.55605 10.27108 0.0005278258 127.5856 0.1354067 1.023902 
16.37944 9.746269 0.000617485 120.4255 0.1335325 1.004123 
15.94109 9.905933 0.000581023 109.63 0.122421 1.016825 
15.48175 10.1412 0.0005886789 123.333 0.1357459 1.045265 
14.7728 10.48162 0.0005890085 114.6783 0.1355301 1.025541 
14.61359 10.0264 0.0005724623 123.2568 0.1240996 1.031048 
14.91505 10.40001 0.0006033587 117.3664 0.1271194 0.9928214 
15.66862 9.994809 0.0005796871 114.1008 0.1219146 1.029458 
16.85603 10.18499 0.000566989 110.518 0.1321843 1.042673 
15.48874 10.40406 0.0005502786 122.8683 0.13809 1.021137 
17.84722 10.53754 0.0005499879 114.9067 0.1201733 1.017711 
16.71229 10.72615 0.000547107 116.8117 0.1277958 1.063458 
17.57123 10.61516 0.0005681875 122.2111 0.1280982 1.042349 
15.19976 10.03513 0.0005990961 109.7715 0.1348758 0.9999622 
17.10246 10.1346 0.0005776548 118.6617 0.1412667 0.9879815 
16.1656 10.49156 0.0006182716 116.8136 0.1234599 1.026431 
17.56249 10.35355 0.0005963712 114.0975 0.1379349 1.059099 
16.87381 10.33879 0.0005988907 117.0513 0.1252593 0.9986531 
15.17012 10.07709 0.000618906 103.0679 0.1328126 0.987458 
15.55346 9.734834 0.0006136087 112.26 0.1357214 1.035219 
15.59572 10.07738 0.0005483806 114.0629 0.1308625 1.03436 
16.92717 10.04943 0.0006046581 113.5903 0.1327589 1.022324 
16.02208 10.21214 0.0005541932 107.2823 0.1180499 1.025 
17.05212 10.18213 0.0005572119 125.2146 0.1274523 1.042518 
16.66644 10.35671 0.0005320107 109.7544 0.1341497 1.038892 
17.16997 9.865218 0.0005130863 119.3918 0.1306407 1.035113 
15.88642 9.917433 0.0006444549 120.0052 0.1385843 0.97448 
15.65253 10.45141 0.0005986511 117.1246 0.123255 1.002604 
16.47205 10.27125 0.0005520845 113.5831 0.1193089 1.009702 
15.50134 10.25624 0.000569173 114.8768 0.1223771 1.022931 
16.99693 10.5123 0.0006019908 122.7943 0.1400124 1.028406 
16.55397 10.43056 0.0005627616 106.8674 0.1286996 1.017774 
16.65733 10.1544 0.0005338989 116.0536 0.134857 1.010494 
16.67875 10.68781 0.0005111025 120.5771 0.1282471 1.038873 
17.10812 10.54763 0.000549276 117.1762 0.128268 1.036801 
16.42715 10.13012 0.0005102429 118.9831 0.127769 1.05944 
16.92274 10.4313 0.0005132036 122.0503 0.1275216 1.031885 
17.49453 10.26714 0.0005121608 113.1458 0.1287655 1.07063 
16.7552 10.39555 0.000514654 116.2621 0.1393906 1.064807 
15.12688 9.889491 0.0005884509 111.8906 0.1224899 1.011517 
16.67679 10.53286 0.0005254418 112.4935 0.1229782 1.040641 
16.50385 10.24153 0.0005381633 109.9707 0.1231252 1.022981 
15.99639 10.51063 0.0005141071 113.6797 0.130689 1.006566 
15.90031 10.36881 0.000547683 113.4343 0.1366106 1.051806 
15.94939 10.64212 0.0005355025 113.1774 0.1282034 1.033432 
17.11838 10.40713 0.0005726405 118.6934 0.132894 1.02727 
16.95948 10.44104 0.0004979648 111.5572 0.1352835 1.080328 
16.38425 10.51564 0.0004945508 116.013 0.1283217 1.045355 
16.8218 10.06947 0.0005692986 120.5291 0.142743 1.008144 
15.85865 10.4984 0.0005849859 129.8356 0.1267699 1.033744 
16.26155 10.04775 0.0005550289 115.1444 0.1271312 1.052652 
17.99861 10.38772 0.0005762526 116.2638 0.126006 1.048569 
16.03817 10.32187 0.0005301756 113.8602 0.1348051 1.011378 
16.86778 10.31734 0.0005498765 111.6422 0.1247091 1.072964 
17.32809 9.768181 0.0004981534 112.5622 0.1267604 1.034805 
15.29513 10.19371 0.0005572911 122.9964 0.1236813 1.018839 
16.3912 9.997174 0.0005645016 119.268 0.1243544 1.014368 
16.55897 10.2299 0.0005716166 123.239 0.1270431 1.045941 
16.78057 10.11514 0.0006609105 119.9927 0.1311723 0.9585026 
15.96566 10.10192 0.0005863657 108.123 0.1238589 1.008864 
15.78184 10.2803 0.0005379584 117.5669 0.1187078 1.018542 
14.81618 10.21037 0.0005636208 115.2854 0.1248848 1.036504 
15.56876 10.20205 0.0006320248 109.8489 0.1276912 1.026759 
14.98514 10.04233 0.0005661906 118.8753 0.134368 1.031268 
16.29453 10.19701 0.0006301848 113.0345 0.1283614 1.023028 
16.24379 10.25935 0.0005873211 130.5404 0.1376063 1.006083 
16.83776 10.01944 0.0005448223 112.8358 0.1269197 0.9871036 
16.08135 10.16395 0.0006380372 116.1282 0.1273589 1.000473 
15.31169 10.15046 0.0005629309 113.2601 0.1175907 1.013035 
17.2792 10.47477 0.0005646018 115.9154 0.125776 1.040781 
15.74667 10.37519 0.0005168603 114.0466 0.1359904 1.065849 
15.80637 9.813154 0.0005851135 123.7867 0.1260699 1.033381 
16.11348 9.993145 0.0005819102 127.3495 0.1300881 1.016081 
16.95595 10.45979 0.0005104694 117.1253 0.1233298 1.042445 
18.12317 10.10839 0.0005501416 122.4266 0.1380875 1.037348 
16.9153 10.0301 0.0006224075 118.9509 0.128149 0.9753532 
16.19468 10.02901 0.0006285862 107.023 0.1336127 1.009491 
16.46754 10.4958 0.0005384675 113.8192 0.1321409 1.048361 
16.38875 9.811326 0.0005629854 110.9519 0.1319342 1.013767 
14.8699 9.997211 0.0006161518 117.6584 0.1234984 0.9810612 
16.03957 10.03472 0.0005769358 115.892 0.1287406 1.026843 
16.28405 10.21899 0.0005660664 123.2855 0.1290627 1.024317 
15.82692 10.49179 0.0006054784 112.1184 0.1206575 1.039471 
17.41429 10.30004 0.0005764623 110.3447 0.1280075 1.035205 
15.52387 10.63582 0.0005763091 110.6867 0.1250837 1.004638 
17.0938 10.33791 0.0005792848 104.6454 0.1227838 1.032631 
15.09767 10.50396 0.0005997792 121.9264 0.1203225 1.015217 
17.91191 10.42407 0.0005335212 115.7101 0.1338585 1.059121 
16.93933 10.5369 0.0004891182 119.3932 0.1234345 1.075672 
15.83663 9.874549 0.0005510543 117.5145 0.143351 1.01215 
17.38808 10.28172 0.000568725 119.9251 0.1377295 1.046747 
16.28437 10.19308 0.0005911154 115.1154 0.1354753 1.04963 
16.69719 9.953633 0.0005810652 113.7424 0.1224525 1.04144 
17.28011 10.1847 0.0005423293 112.3425 0.1233491 0.9978378 
16.46505 10.3101 0.0005838759 113.4126 0.1202096 1.024224 
16.79949 9.974912 0.0006209056 123.8879 0.1270105 1.016082 
16.10304 9.964816 0.0005147765 109.9041 0.1361894 1.037667 
16.00939 10.02586 0.0005205697 120.4474 0.1274797 1.040034 
16.51989 10.2355 0.0005781424 116.8472 0.131197 1.007805 
15.90303 10.45576 0.0004945615 122.9688 0.1278189 1.061053 
16.64275 10.49633 0.0005109929 124.6528 0.1284283 1.041871 
17.30024 9.990421 0.0006010863 109.0191 0.1219578 1.008466 
15.74426 10.17892 0.0005356582 114.8646 0.1337424 1.050993 
15.76163 10.14223 0.000544722 108.5224 0.1220259 1.034772 
16.47964 10.52214 0.0004637786 122.0092 0.1304601 1.078079 
16.26595 10.32357 0.0005635152 121.5198 0.1321272 1.054474 
15.82488 10.31356 0.0005785962 119.7539 0.1308411 1.044162 
16.21378 10.6416 0.0005399061 117.3137 0.1316421 1.030792 
16.29674 9.778555 0.0005480711 106.5983 0.1285088 1.038789 
16.03232 10.46751 0.0005531685 117.5504 0.1236358 1.032264 
16.50018 9.865582 0.0005284052 116.0988 0.1250887 1.055255 
15.49344 10.24104 0.0005955591 108.0895 0.1363678 1.043382 
15.11772 10.7954 0.0005625947 117.9193 0.1268803 1.027291 
15.91886 10.1776 0.000491163 128.2809 0.1338899 1.078758 
15.47407 10.15202 0.0005838761 122.6916 0.1310671 0.9919082 
15.00826 10.50348 0.0005160538 112.8545 0.1322834 1.04427 
15.25913 10.1018 0.0005595282 114.7865 0.1360977 1.062949 
17.19979 10.36032 0.000512643 120.3571 0.1315389 1.066578 
16.67648 9.95572 0.0005585412 113.6055 0.1261267 1.012622 
16.30726 10.27231 0.0005066375 111.4281 0.1368303 1.06424 
15.85938 10.39684 0.0005885423 116.1222 0.1376535 1.025751 
16.10519 10.34206 0.0005296672 119.3081 0.1184936 1.030571 
15.61858 10.66676 0.0005391411 116.8238 0.126966 1.070866 
16.79028 10.44085 0.0005325765 118.833 0.1390516 1.020422 
16.58066 9.925335 0.000582348 117.8305 0.1324518 0.9994894 
16.86596 9.995826 0.0006189548 104.8162 0.1253101 1.004907 
16.82232 10.1566 0.000580305 113.4799 0.1245453 1.059036 
16.91508 10.38659 0.000531912 124.4692 0.1340362 1.060275 
15.3915 10.30889 0.0005708406 119.7089 0.1324543 1.034375 
16.79455 9.669644 0.0005938754 110.4821 0.1245552 1.025832 
17.08425 10.36068 0.0006506074 114.2445 0.1320142 0.9835814 
18.43219 10.02582 0.000510031 114.8639 0.1237441 1.068849 
16.87453 10.34371 0.0005955009 110.2932 0.1399108 1.05098 
16.65152 10.21041 0.0004858976 116.4584 0.1247409 1.094296 
15.83758 10.08534 0.0005804665 117.1236 0.1285291 1.021866 
15.40971 10.34067 0.0005647805 126.0035 0.1302108 1.016789 
16.46243 10.61259 0.0005730822 118.2287 0.1204474 1.051391 
15.65481 10.32091 0.0005390113 118.2249 0.1237778 1.048547 
17.2882 9.63812 0.0005977885 115.687 0.1238699 1.059173 
16.22513 10.26526 0.0005791565 120.7443 0.1219113 0.9963756 
16.91097 10.33829 0.0005160736 125.7766 0.1224833 1.066504 
17.76202 10.09609 0.0005195126 112.306 0.1305485 1.032839 
15.2664 10.42395 0.0006089518 115.2543 0.1315636 1.028689 
15.85712 10.25626 0.0005758675 115.1749 0.1345407 1.021384 
14.00863 10.14563 0.0005813575 113.2848 0.1259055 1.009138 
16.73253 10.16509 0.0006321217 118.9123 0.1264944 1.031132 
17.04718 10.55288 0.0004589799 114.0223 0.1305493 1.092367 
16.72361 10.49814 0.0005491735 117.1788 0.1252032 1.016804 
16.89865 10.20605 0.0005915517 111.9983 0.12652 1.015352 
16.17091 10.06044 0.0005495068 118.9746 0.1303845 1.039308 
15.91346 10.55573 0.0005797559 108.253 0.1393469 1.02 
15.56862 10.36098 0.0005700963 124.1188 0.1249388 1.014115 
16.22029 10.04493 0.0005625699 121.5577 0.1223292 1.028757 
17.19163 9.809284 0.0005853684 110.1871 0.1382859 0.9964695 
17.31676 10.57503 0.0005442829 116.5169 0.1201976 1.052017 
15.9651 10.12282 0.0005892841 110.9 0.1311038 1.031631 
16.12433 10.14088 0.0005450729 116.7394 0.1327345 1.050167 
17.60199 10.50964 0.0004976978 115.5054 0.1275705 1.067292 
16.80265 10.33543 0.000515798 125.0092 0.1234858 1.028885 
16.38607 9.842689 0.0005511086 113.6117 0.1233563 1.054643 
16.74192 9.97313 0.0006218205 113.8951 0.1197997 1.024742 
16.61804 9.892395 0.0006122476 120.1555 0.1349909 0.9978889 
16.79373 10.15545 0.0005313727 113.6487 0.1238989 1.027137 
14.7582 10.2053 0.0005935917 114.5417 0.1311892 0.9903861 
15.83392 10.10348 0.0005500269 112.2548 0.120278 1.025243 
15.25936 10.30069 0.0005326534 109.6466 0.1358339 1.071998 
16.42468 10.02876 0.0005448349 112.8758 0.1310329 1.044412 
16.72674 10.58906 0.0005806151 123.5675 0.1273495 1.039693 
16.33056 10.05206 0.000600125 112.5089 0.1280444 1.02448 
18.37657 10.20821 0.0005590119 115.5901 0.1447475 0.9578216 
15.58859 10.12436 0.0005851678 119.2817 0.1366167 1.042177 
16.45835 10.08307 0.0005623318 114.0654 0.129895 1.064056 
16.89948 9.672321 0.0006068464 118.4161 0.1177796 1.003825 
14.63965 10.21455 0.0006048601 117.1339 0.126805 1.031815 
15.17963 10.27362 0.0005672445 114.3618 0.1273912 1.029658 
16.691 10.10176 0.0006341499 112.251 0.1171766 0.9992551 
16.87869 9.513874 0.0006025115 112.849 0.1313067 1.003947 
16.02241 10.19527 0.0005508589 117.9261 0.1350195 1.024023 
16.75413 10.38411 0.0005710631 117.5794 0.1252489 1.053394 
16.89258 10.45634 0.000535792 125.068 0.1218398 1.073005 
16.44048 10.26467 0.0006421895 106.615 0.1253824 0.9894017 
16.29465 10.2241 0.0005292237 125.5579 0.122305 1.05174 
16.15586 10.37738 0.0006153791 115.2274 0.1338314 0.9927605 
15.9099 10.00892 0.0005665627 117.7151 0.1346498 1.025887 
16.42392 10.149 0.0005670263 115.3624 0.1236414 1.044283 
15.94297 10.36225 0.0005325199 124.0597 0.1315818 1.009552 
16.25501 10.04134 0.0005791169 119.9296 0.1214487 1.022417 
16.03987 10.26707 0.0005330774 114.4183 0.1310575 1.036034 
16.98366 10.0888 0.0005593254 122.46 0.1281406 1.022703 
16.05752 9.69941 0.0005677127 110.9645 0.1268633 1.009654 
17.55413 9.658324 0.0005705062 120.5637 0.1365363 1.03015 
17.28544 9.96319 0.0005624731 108.0032 0.1257452 1.014437 
17.30501 10.1277 0.0005673707 123.8061 0.1236972 1.035852 
16.45411 10.44612 0.000610261 120.1464 0.1288108 1.0117 
17.04104 10.0295 0.0005719075 117.2373 0.1207659 1.02055 
15.91331 9.861703 0.000635001 108.2403 0.1294169 1.039918 
16.95594 9.66922 0.0006240379 129.3481 0.13167 1.014729 
17.36486 9.881836 0.0005608922 113.7742 0.1233343 1.005194 
15.95684 10.16109 0.0006003141 121.5637 0.1364486 1.030271 
17.56091 9.645262 0.0005681426 110.6271 0.1373369 1.051514 
16.46819 10.99502 0.0005299426 126.6867 0.1275468 1.029818 
17.07732 10.08377 0.0005655263 123.8284 0.1272958 1.009058 
16.99889 10.06051 0.0005879593 108.6963 0.1278273 1.028898 
15.59822 9.97194 0.0005771678 122.8706 0.1275377 1.030915 
14.90145 10.11525 0.0005797229 130.5368 0.1273704 1.016773 
15.7434 10.23911 0.0005249668 109.1751 0.1291862 1.033899 
15.87728 10.18889 0.0005448213 111.1079 0.1257819 1.039556 
15.81045 10.14065 0.0005715689 111.7137 0.1289322 1.006399 
16.76917 9.949599 0.0005892886 116.7969 0.1200356 1.028079 
17.04023 10.0639 0.0005616751 111.0075 0.1245555 1.031736 
17.13683 10.17714 0.0006022785 110.9235 0.1310741 1.01118 
16.91211 10.16095 0.0005888751 115.7354 0.1273581 1.021477 
17.39474 9.879817 0.0006034725 125.4197 0.1358196 1.038827 
16.37339 10.08686 0.0005753 109.1176 0.1222895 1.042932 
16.79416 10.55952 0.0005743656 121.3672 0.1304671 1.049768 
17.61098 9.910083 0.0006190535 121.3318 0.1402186 1.022388 
17.31301 10.63428 0.0005526317 110.6215 0.1283233 1.03732 
16.15186 10.23796 0.000622592 109.4686 0.1327176 0.9984514 
15.82119 10.21889 0.0005131532 111.4776 0.1221403 1.06773 
15.21917 10.19504 0.0005021994 114.9013 0.1320778 1.040759 
16.32041 10.17763 0.0005512165 112.8531 0.1251504 1.029697 
16.92824 10.33896 0.0005615441 118.4179 0.1354063 1.026588 
16.12478 9.880616 0.0005175959 118.3906 0.1294592 1.046854 
15.61411 10.21817 0.0005641509 103.903 0.1295506 1.038507 
16.21477 10.15613 0.0006563866 120.2384 0.1318095 1.033188 
17.02062 10.50131 0.000546976 114.082 0.1309059 1.047817 
16.80462 10.24084 0.0005646061 118.4269 0.1302003 1.058345 
15.55923 10.26831 0.0005545006 116.9143 0.1245284 1.056868 
17.51912 10.11927 0.0004915659 122.1098 0.1384088 1.048529 
16.55146 10.17238 0.0005584042 114.8225 0.1285082 1.030508 
17.22057 9.986555 0.0005844122 117.1432 0.1178075 1.014931 
15.62587 10.07927 0.0005765815 114.4689 0.1392554 0.9974522 
15.13755 10.36141 0.0005077908 114.301 0.1324389 1.054788 
16.56136 10.24009 0.000568626 116.3651 0.1324061 1.054035 
16.08501 10.12706 0.000501987 114.2477 0.1399781 1.080676 
15.74381 9.893645 0.0005897278 121.5819 0.1230116 1.046266 
15.84275 10.18926 0.0004982727 123.2325 0.1349396 1.063736 
16.04394 9.872368 0.0005642176 119.318 0.12625 1.04668 
15.85383 10.18441 0.0005733075 119.5948 0.1314313 1.04005 
15.9596 10.16509 0.0005083871 117.5105 0.1331456 1.042402 
16.38523 9.69489 0.0006449742 102.4073 0.1310967 0.9932254 
16.87297 10.53895 0.0005713762 102.1613 0.1310165 1.039199 
16.31156 10.00671 0.0005726614 122.6388 0.1367162 1.053092 
15.41684 10.3072 0.0005259841 115.5923 0.1239701 1.045952 
15.99035 10.37918 0.0005632284 117.8253 0.1256623 1.011668 
16.70102 10.6234 0.0005536258 123.301 0.1273946 1.024219 
15.54713 10.11115 0.0005261504 118.7341 0.1214438 1.080416 
16.4862 10.41519 0.0005831468 115.0053 0.1325575 1.016057 
16.09192 10.41108 0.0005152969 116.8231 0.1295784 1.056029 
16.5608 10.29245 0.0005806859 117.0375 0.1358271 1.040575 
14.69918 10.24752 0.0005297545 123.8545 0.1251985 1.031385 
15.33664 10.46297 0.0005006629 120.1201 0.1233008 1.039848 
15.57552 10.25013 0.0005861939 115.9357 0.1196943 1.005241 
16.18218 10.30417 0.0005541957 115.2931 0.1369003 1.028817 
17.61536 10.17097 0.0006040137 116.0562 0.1245009 1.020629 
18.0926 9.857123 0.0006094062 114.7069 0.1329495 1.035722 
18.04242 10.12593 0.0006128095 123.8729 0.1327596 1.036096 
17.31011 9.700624 0.0005286793 117.5185 0.1248359 1.035612 
15.90019 10.46353 0.0005543931 118.32 0.1346648 1.029948 
15.5476 9.945545 0.0005136795 110.2205 0.1276406 1.051133 
16.4824 10.21301 0.0005817727 121.3205 0.1290484 1.004155 
17.3217 10.00228 0.0005499067 114.1003 0.1319232 1.040356 
15.91724 10.023 0.0006143338 109.922 0.1346046 1.008522 
16.25847 10.03167 0.0005097216 118.0033 0.1334835 1.072074 
16.51682 9.716679 0.0005679702 128.3113 0.130783 1.020881 
16.34098 10.03033 0.0006058857 118.2135 0.1308607 1.01594 
16.79471 9.847822 0.0005690769 102.6749 0.1363228 0.996709 
16.3403 9.899413 0.0006156907 111.8247 0.1300461 1.00392 
16.63853 9.832668 0.0005930894 121.7631 0.1359561 1.051225 
16.15024 10.26073 0.0005690281 119.5833 0.1237802 1.028223 
14.59076 10.41235 0.0005356074 117.412 0.1328856 1.047388 
16.21902 10.00085 0.0005777755 121.917 0.1363071 1.031335 
15.90428 10.14158 0.0005062936 105.4 0.1220269 1.044379 
15.94541 10.20027 0.0006079932 109.566 0.1267014 1.005788 
15.98359 10.28284 0.0005106896 118.6827 0.1333223 1.050933 
15.32733 10.27806 0.0006066902 115.0706 0.1353907 0.999646 
15.57604 10.25142 0.0005964314 127.3896 0.130581 1.008426 
15.19291 10.48409 0.0005460618 126.1469 0.1344731 1.027847 
14.55337 9.683887 0.000594403 120.5428 0.1310774 1.012499 
16.58026 10.48655 0.0005011809 106.7628 0.1289452 1.018608 
15.86416 10.12351 0.0006095972 127.0013 0.1198957 0.9839925 
15.80854 10.22164 0.0006495385 122.1371 0.128639 1.008165 
16.38427 10.4339 0.0005980421 109.5425 0.1291599 1.00939 
16.08339 10.55318 0.0005314006 117.7556 0.1276983 1.006323 
15.66724 10.88444 0.0005024163 115.4846 0.1304081 1.044191 
16.48412 10.04425 0.0006149378 112.8409 0.1222426 1.012011 
16.11178 9.997912 0.0005755552 116.6552 0.1327895 1.015545 
16.59943 9.934714 0.0005619652 124.8424 0.1336152 1.021923 
16.63713 10.34173 0.0005618726 114.6671 0.1248865 1.012585 
17.29142 9.903761 0.0006016851 117.8097 0.1273778 1.022345 
15.63684 10.20084 0.0005968551 121.8131 0.1241731 1.007329 
15.83796 10.37909 0.0005405909 118.4339 0.1244133 1.046459 
16.02825 10.30826 0.0005717989 121.3212 0.1301207 1.021819 
15.99898 10.23038 0.0005908162 113.8905 0.1369387 1.03414 
16.74469 10.76679 0.0005305306 114.8712 0.122672 1.026519 
17.42097 10.07105 0.000535862 119.1118 0.1261404 1.052591 
17.08915 10.26959 0.0005842943 115.305 0.1225881 1.010267 
16.53528 10.0739 0.0005810957 127.8095 0.1327702 1.024358 
16.40734 10.00672 0.0004944146 113.7617 0.1323656 1.065568 
15.5623 10.28882 0.0005567432 123.4048 0.1230791 1.022768 
16.17481 10.03884 0.0005853164 116.3823 0.1247576 1.012664 
16.09583 10.16121 0.0005856138 115.186 0.136077 1.036371 
16.2158 10.30585 0.0005289167 128.2845 0.1242602 1.044389 
15.43749 10.08188 0.0006380292 108.9 0.1346069 1.000524 
15.46026 10.15969 0.0005876596 110.9433 0.1309737 1.053749 
16.95152 10.01595 0.0006115567 113.9272 0.136536 1.006982 
17.2127 10.18677 0.0005532493 117.1203 0.1352031 1.029372 
17.02744 10.17504 0.0005601437 104.2818 0.1327047 1.07518 
16.29115 10.59107 0.0005371804 120.1957 0.1240249 1.025115 
15.74809 10.09652 0.0005223992 117.9956 0.1261207 1.02809 
15.53657 10.04286 0.0006196879 115.2485 0.127854 0.9999958 
16.84181 10.18582 0.0006170454 117.9323 0.1304263 1.00108 
17.11303 9.955734 0.0006550855 116.1564 0.1286583 0.9882284 
16.70932 10.19659 0.0005876416 123.0632 0.1228557 1.028735 
16.07921 10.19035 0.0005192163 111.6365 0.1386849 1.040793 
16.49269 10.37746 0.0005544256 106.2628 0.1348871 1.073061 
16.0367 10.15345 0.0005419057 121.9981 0.1403954 1.046165 
16.23499 10.06394 0.0005633605 119.6065 0.1397197 1.044529 
16.8844 9.970269 0.0005603441 116.6802 0.129974 1.031247 
16.05768 10.39317 0.0005488091 113.0748 0.1229921 1.031142 
16.29368 10.3951 0.0005607236 121.5535 0.127351 1.049273 
14.4197 10.33012 0.0005359758 120.5068 0.1391084 1.041082 
16.27412 10.15137 0.0005470348 120.971 0.1248809 1.046282 
16.96496 10.16557 0.000584452 119.6017 0.130159 1.0354 
15.97692 10.1214 0.0005638041 106.8001 0.1331116 1.028493 
16.21448 9.95387 0.0005244825 108.0124 0.1258496 1.031244 
16.4434 10.60639 0.0005666895 111.0736 0.1286484 1.03526 
16.87826 10.16673 0.0005646186 118.0312 0.1343458 1.047324 
17.33772 10.4157 0.0004939787 118.4471 0.1291952 1.056846 
17.24381 10.07121 0.0005447741 110.2753 0.1412509 1.064054 
15.96029 10.17744 0.0004814109 111.322 0.1289552 1.062747 
15.75106 10.7508 0.0004896023 106.5689 0.1313586 1.074161 
15.28813 10.37799 0.0005372516 117.2797 0.1274915 1.007733 
17.60211 10.41972 0.0005616594 111.9066 0.1153469 1.027063 
16.20202 10.18847 0.0005662932 122.6667 0.1249417 1.021156 
14.91581 10.25816 0.000538241 117.8712 0.1340136 1.045975 
17.477 10.31238 0.000560946 116.4103 0.1304338 1.023202 
16.29298 10.12961 0.0005356785 109.2684 0.1290211 1.030575 
17.39646 10.5182 0.0004962168 100.7156 0.1260474 1.054239 
17.31973 10.15971 0.0005460645 112.6069 0.1200213 1.041423 
16.75738 10.44209 0.0005319743 118.204 0.1259377 1.046474 
15.81965 10.02288 0.0005697572 118.0403 0.1277613 1.032477 
15.94854 10.20133 0.0006014073 116.1324 0.12682 1.023944 
15.80376 10.18569 0.0006051854 118.9631 0.1203189 0.9920445 
15.98522 10.19542 0.0005888615 116.1494 0.1230416 1.024589 
15.55008 10.83248 0.0004672886 117.2415 0.1323484 1.083318 
15.74983 10.02159 0.0005675804 110.8128 0.1208556 1.070326 
15.38231 10.43693 0.0005685733 111.859 0.127376 1.031895 
16.64083 10.06845 0.0005693051 110.4563 0.1272114 1.07039 
16.49333 10.24203 0.0005740491 113.6745 0.1270547 1.018681 
15.96384 10.13272 0.0005258662 116.6614 0.1264131 1.086316 
15.4963 10.16426 0.0006117521 116.9335 0.1298249 0.9697771 
17.20936 10.12269 0.0005748362 115.0833 0.1270228 1.011794 
16.11238 10.1455 0.0006096615 118.064 0.1350516 1.001694 
16.41893 10.19024 0.0005744787 113.2006 0.1159788 1.004427 
16.80967 10.39222 0.0005190825 112.1972 0.1434911 1.054596 
15.70243 10.72984 0.0004787286 115.9927 0.1365687 1.074424 
16.56602 9.782136 0.0005894914 104.7809 0.1272804 1.053712 
18.11091 10.04438 0.0005583995 114.4626 0.1263242 1.049739 
16.68995 10.26514 0.0005924104 116.1758 0.1325123 1.042379 
16.79057 10.38467 0.0005689729 109.7494 0.13059 1.007355 
15.12749 10.17561 0.0005042109 124.1167 0.1250768 1.058422 
16.06751 10.02644 0.0005566997 129.0822 0.1296293 1.015417 
17.10155 10.44978 0.0005330313 108.643 0.1244465 1.047436 
16.06589 10.33972 0.0005447214 118.6427 0.1307577 1.041321 
16.79358 10.15138 0.0006036854 116.169 0.1196978 1.006443 
15.60217 10.30489 0.0005861242 117.323 0.12736 1.02106 
15.55905 10.60538 0.0005544751 121.8028 0.1364542 1.061838 
17.80891 10.72917 0.0005473364 124.6898 0.1229143 0.9822125 
