0.09407665 0.0282609 0.03975928 0.9005828 0.3470426 0.6696838 
0.0909899 0.02874756 0.03871557 0.7887489 0.369701 0.6449677 
0.09556784 0.02886004 0.0405284 0.910714 0.3184075 0.6528451 
0.08426456 0.0281078 0.03895481 0.928971 0.3484201 0.6936389 
0.096744 0.02877829 0.04077272 0.8714523 0.3396218 0.6776118 
0.09382396 0.02913119 0.04016187 0.9540128 0.329304 0.6821212 
0.09534234 0.02843255 0.04053739 0.8764416 0.3438695 0.647843 
0.08829334 0.02908599 0.03867211 0.9520748 0.3278984 0.6784543 
0.1053519 0.02876415 0.03770891 0.7309739 0.3284521 0.6833164 
0.0892971 0.02890381 0.03808952 0.8720327 0.3398037 0.6535729 
0.08809672 0.03040046 0.03784778 0.9965444 0.3194001 0.679733 
0.08321565 0.02773663 0.03999183 0.9319345 0.3560944 0.6857758 
0.08415301 0.02962538 0.03828023 1.037488 0.3388309 0.6782884 
0.09133383 0.02881779 0.03827275 0.8996846 0.3375961 0.6926633 
0.08675215 0.02961651 0.03806846 0.9373504 0.3295712 0.6904562 
0.08595755 0.03106734 0.03742631 1.017726 0.3276229 0.6627392 
0.09341001 0.02889488 0.03757281 0.8067295 0.3486757 0.6474988 
0.09863472 0.0288875 0.03834525 0.734807 0.3370634 0.6373014 
0.08769368 0.02799293 0.03787239 0.8308818 0.3538703 0.6564826 
0.0883844 0.0278186 0.03925707 0.9411538 0.3507721 0.6612817 
0.09659569 0.02927082 0.0390283 0.9936558 0.3335571 0.6969561 
0.08730526 0.02763033 0.03686819 0.7346737 0.3536313 0.6452156 
0.09081774 0.0275115 0.03849622 0.7712362 0.3686859 0.635664 
0.08838888 0.03025975 0.03757392 1.098721 0.317179 0.6934561 
0.08509547 0.02879778 0.03754606 0.8776967 0.3576215 0.6751495 
0.08323388 0.0297655 0.03728087 0.950926 0.3540091 0.6691616 
0.09690853 0.02962486 0.03876978 1.007159 0.3130355 0.6893169 
0.08719905 0.02629108 0.03988443 0.7627329 0.3581536 0.6466335 
0.0924964 0.02929559 0.03957824 0.9179622 0.3424164 0.6647699 
0.09463616 0.02885581 0.03879445 0.8178943 0.3301624 0.665883 
0.09301372 0.02819147 0.03856369 0.7591484 0.3712559 0.6504642 
0.0912784 0.02839407 0.0389287 0.8199464 0.3407988 0.6681586 
0.08713794 0.02953406 0.03805336 1.030021 0.3153906 0.6687359 
0.08540349 0.02944539 0.03999643 1.02108 0.32294 0.6435357 
0.08361993 0.02844801 0.03901804 0.9770933 0.3612059 0.6732189 
0.08763777 0.02821966 0.03763388 0.8861542 0.3355732 0.6569632 
0.0878665 0.0285693 0.03823233 0.9774984 0.3382529 0.6680384 
0.09709727 0.0280571 0.04193625 0.7768972 0.340074 0.6632074 
0.09115435 0.02878074 0.0385847 0.792937 0.3437229 0.6399387 
0.08358176 0.02881357 0.03720167 0.9274762 0.345739 0.6650217 
0.09934654 0.02996735 0.03799604 0.9219798 0.3027312 0.7010684 
0.08929217 0.02921926 0.03927546 0.9426172 0.314264 0.6742419 
0.08762923 0.02812697 0.03929814 0.8760782 0.3319373 0.6393335 
0.09263385 0.02969931 0.03851132 0.8013539 0.3438798 0.6571763 
0.08693599 0.02635409 0.03780125 0.7331335 0.3507996 0.6335405 
0.08851025 0.03018966 0.0381111 0.9342612 0.3101639 0.63401 
0.08933986 0.02790354 0.03693791 0.8038641 0.3381477 0.6437876 
0.0853869 0.02854867 0.03808626 1.03242 0.3518149 0.663187 
0.08639388 0.02855149 0.03811152 0.9437912 0.3397512 0.656868 
0.0981611 0.02976801 0.03863051 0.8895361 0.3240787 0.6567463 
0.08911943 0.02885463 0.03789522 0.9069376 0.3429926 0.6353267 
0.09094706 0.02911742 0.03696 0.7726974 0.3634238 0.6337193 
0.08580429 0.02809191 0.03689309 0.7874462 0.3614827 0.6580372 
0.09078114 0.02768471 0.04099797 0.7795065 0.3555017 0.6461588 
0.09600152 0.02714474 0.04171634 0.7902247 0.3468574 0.6557761 
0.08587989 0.0292468 0.03810132 1.000902 0.2935371 0.6588631 
0.08423689 0.02905883 0.03681184 0.8630329 0.3439479 0.6591447 
0.085037 0.02641722 0.04153494 0.935275 0.3592238 0.6398429 
0.09035586 0.03021179 0.0395435 1.087678 0.3230419 0.7053053 
0.08608086 0.02968334 0.03864478 1.12008 0.3067337 0.6849042 
0.08858662 0.02895006 0.03792829 0.861609 0.3560859 0.6556375 
0.09742978 0.02944306 0.03847896 0.8964395 0.3135316 0.6866821 
0.09096906 0.02869777 0.03719568 0.8347716 0.3649785 0.6381048 
0.0988587 0.02734746 0.04104897 0.7157229 0.3570519 0.6635331 
0.09003185 0.02903344 0.03870313 0.8749968 0.3448628 0.6840985 
0.08661263 0.02886009 0.03919473 0.9478909 0.3347982 0.630365 
0.09370057 0.02875188 0.04019006 0.8300579 0.3261335 0.6510483 
0.09235929 0.02962383 0.03881123 0.9046724 0.3358034 0.6567366 
0.09655169 0.0301481 0.03676361 0.9408653 0.3229883 0.6679446 
0.09514691 0.02881772 0.03904244 0.8969358 0.3077474 0.6689288 
0.09617734 0.02935766 0.03811255 0.932853 0.3217017 0.6788716 
0.09115348 0.0275258 0.03894987 0.755755 0.3371011 0.6526452 
0.09146804 0.02979276 0.03735469 0.8162372 0.3487195 0.6733767 
0.09367088 0.02888218 0.04026045 0.8814915 0.3313181 0.6696584 
0.08664488 0.02789875 0.04048081 0.8827406 0.3497777 0.6569807 
0.08919162 0.02906785 0.03884369 0.9769328 0.3355454 0.6699893 
0.09072376 0.02751713 0.03846573 0.721928 0.3581532 0.6440004 
0.09472264 0.02854731 0.03736132 0.8380432 0.3492328 0.6458541 
0.09028277 0.02825189 0.03751616 0.8923765 0.3397755 0.6758427 
0.09105904 0.02909211 0.0381771 0.8347202 0.325706 0.6598947 
0.08716594 0.02866436 0.03675395 0.8940596 0.3377905 0.6588877 
0.0865082 0.03005968 0.03867781 1.272661 0.309107 0.703593 
0.09153476 0.02790387 0.03877182 0.7526407 0.3613982 0.6580757 
0.08849226 0.0295325 0.03794451 0.9125987 0.3304829 0.667009 
0.08260804 0.0290262 0.03702174 0.9944798 0.3412473 0.6669884 
0.08918129 0.02770723 0.04226597 0.9802636 0.3304078 0.6732404 
0.08866015 0.02769338 0.03698599 0.8437431 0.3393234 0.6361243 
0.09342018 0.02821242 0.0394822 0.7056137 0.3660533 0.6529399 
0.09010275 0.02892174 0.03861447 1.058147 0.3034933 0.698169 
0.08843937 0.02939306 0.04027219 0.8617402 0.3575316 0.6596468 
0.09090934 0.02827014 0.0409974 0.9263139 0.3285438 0.6792316 
0.0915803 0.02966258 0.03815292 0.8408486 0.3336235 0.6882641 
0.09122946 0.02763481 0.03887592 0.7387983 0.3426202 0.6357868 
0.09438205 0.02954993 0.04027388 1.086276 0.312661 0.6739278 
0.09116635 0.02979297 0.0392792 1.019919 0.3189515 0.6702007 
0.09656491 0.02744064 0.03998894 0.7373406 0.3338873 0.6361855 
0.08996006 0.02862442 0.03657979 0.8015946 0.332449 0.6479738 
0.09354332 0.03012684 0.03846047 0.9736378 0.3025497 0.6906707 
0.09289641 0.02787415 0.03758138 0.915423 0.3564671 0.6826939 
0.09345574 0.02808391 0.03983634 0.9672415 0.3499224 0.668069 
0.09737892 0.02842765 0.03883622 0.9510824 0.3313076 0.6599541 
0.08696789 0.02960806 0.0399165 1.104075 0.3245043 0.6999916 
0.08764047 0.02853983 0.0374491 0.9559981 0.3217564 0.6457676 
0.09023014 0.02836866 0.03739256 0.7928105 0.3656188 0.6587836 
0.08727331 0.02765188 0.04126758 0.7989598 0.3881989 0.6492269 
0.08435938 0.02847512 0.03851756 0.8630846 0.3715274 0.6122643 
0.09580262 0.02887263 0.03900205 0.9090181 0.3358767 0.6922365 
0.08549926 0.02921319 0.03711923 1.00677 0.3388993 0.6817871 
0.08539845 0.02803172 0.03657156 0.9141428 0.378747 0.6537036 
0.09963805 0.02742193 0.04134479 0.7597635 0.3436928 0.6393994 
0.0967965 0.02877358 0.03805879 0.8022929 0.3544849 0.6537538 
0.09108734 0.02904483 0.03772822 0.9654428 0.3332909 0.6704935 
0.08972554 0.0300536 0.04023494 1.040806 0.3382343 0.6751568 
0.08932826 0.02996856 0.03893939 1.103004 0.3242432 0.678764 
0.08960774 0.03054806 0.03799029 1.041825 0.3208299 0.6523887 
0.09250372 0.02809739 0.04075192 0.8146567 0.3354923 0.6631104 
0.09563766 0.02941736 0.0378917 0.9170017 0.3218059 0.6455532 
0.08899912 0.02879201 0.03733349 0.8037621 0.3517791 0.6427218 
0.0872666 0.02799982 0.03897335 0.892777 0.3508752 0.654245 
0.1027535 0.02771254 0.04189395 0.7504425 0.3299848 0.6527704 
0.09307057 0.02956696 0.03753525 0.7547333 0.3451671 0.6271689 
0.09164945 0.02857367 0.03995265 0.9698789 0.3189718 0.6737548 
0.09427872 0.02899195 0.04039377 0.9272398 0.3289042 0.6483167 
0.09330471 0.02686807 0.042299 0.9223874 0.3376202 0.6455949 
0.09261902 0.02865406 0.03559474 0.830387 0.3219965 0.6627542 
0.09181811 0.02981987 0.0393509 0.7658634 0.3228894 0.6766005 
0.0891401 0.02838165 0.03738405 0.9388432 0.3292914 0.684854 
0.08859404 0.02922356 0.04047191 0.9049676 0.3263368 0.6539134 
0.09127186 0.0275286 0.03933559 0.8693259 0.3499422 0.6519463 
0.08715561 0.02938947 0.03702069 0.8550273 0.3446174 0.637681 
0.09686336 0.02973024 0.0375362 0.7737836 0.3146587 0.664162 
0.09819792 0.0286201 0.03959826 0.7765542 0.3442963 0.6602095 
0.0863499 0.02958377 0.03734912 1.051853 0.3448601 0.6663083 
0.08732389 0.02936819 0.03747776 0.9370171 0.3566481 0.6606158 
0.08857427 0.02831968 0.03877388 0.8664003 0.3425814 0.6655198 
0.0885831 0.02945567 0.03752075 0.9864543 0.3472932 0.6406684 
0.08732037 0.02853439 0.03813674 0.9616453 0.3676522 0.6624289 
0.0998555 0.02750846 0.04177163 0.8808618 0.324406 0.6734036 
0.09059478 0.02787511 0.04285812 0.9613882 0.339621 0.6617386 
0.08545461 0.02899871 0.03917209 1.043061 0.3452305 0.6711198 
0.09283746 0.02852627 0.03756014 0.8053657 0.3542522 0.6714598 
0.08270532 0.02919072 0.03666313 0.9171225 0.3589325 0.6580372 
0.08744979 0.02975058 0.038298 1.020476 0.3294791 0.6704258 
0.09118665 0.02902574 0.03718133 0.8799732 0.330165 0.6636988 
0.08314306 0.0280423 0.0388867 0.8083766 0.378538 0.6447415 
0.09245206 0.0298889 0.03791551 0.8918143 0.3354811 0.6624354 
0.0937526 0.02895713 0.03795567 0.9318726 0.338571 0.6782358 
0.09187342 0.0298629 0.03660469 0.8948064 0.3392941 0.6572481 
0.08861028 0.0285612 0.03998903 0.9516197 0.3378312 0.6576181 
0.08246441 0.0266997 0.03865901 0.7708498 0.3518802 0.6412419 
0.08431672 0.02908659 0.03845392 0.916227 0.3500965 0.6224893 
0.09082888 0.02773983 0.03911198 0.8746646 0.3596832 0.6855859 
0.09587652 0.02956328 0.03851135 0.7729002 0.313566 0.6431008 
0.08730658 0.03065235 0.03857427 0.9587599 0.3293646 0.7215216 
0.09176222 0.02700548 0.03935439 0.6932298 0.3680436 0.6485285 
0.08623393 0.02921929 0.03553348 0.9473388 0.3526986 0.6579587 
0.09758981 0.02824061 0.03737486 0.8041251 0.3726682 0.6378032 
0.08787726 0.02904879 0.03848901 0.9506363 0.3396312 0.6300432 
0.09035636 0.02939321 0.03773003 0.8580562 0.3522233 0.676648 
0.08641366 0.02813161 0.03810199 0.9010337 0.3324953 0.6501962 
0.09399684 0.02897593 0.04034202 0.8143757 0.333313 0.6608964 
0.08951309 0.02790813 0.04240765 0.8951199 0.3380528 0.6765832 
0.08440941 0.02845929 0.03852345 0.7828377 0.3632046 0.6087592 
0.08405241 0.02773391 0.04173813 0.8767812 0.3418426 0.6428555 
0.08589205 0.02710288 0.03922449 0.8941213 0.3456633 0.689391 
0.08897067 0.02791882 0.03782148 0.7844254 0.3812673 0.633527 
0.08822277 0.02732082 0.04164541 0.8121 0.3440222 0.6427106 
0.090279 0.02834978 0.03960685 0.9356207 0.3325445 0.673613 
0.09154799 0.02964363 0.03897823 0.9959721 0.3205842 0.6712168 
0.09178056 0.02949952 0.03968759 0.8469963 0.3373815 0.6751494 
0.0914209 0.02926449 0.0387845 0.8707538 0.3404247 0.6405927 
0.08982093 0.02735975 0.04119351 0.7226224 0.3595061 0.6483524 
0.08901389 0.02853933 0.03787294 0.8831155 0.3335945 0.6527133 
0.1005813 0.02856944 0.04018393 0.8492033 0.3238241 0.6881522 
0.09403279 0.02714233 0.04025855 0.8443705 0.3377955 0.6458396 
0.08370194 0.02889899 0.03850772 0.9556746 0.3294364 0.6722164 
0.08967854 0.02863203 0.03875049 0.9796808 0.3436518 0.6393641 
0.08714357 0.03014049 0.04057085 1.019849 0.3307187 0.6734581 
0.09112376 0.02798635 0.03963881 0.9262616 0.3184921 0.6949723 
0.0858298 0.02808546 0.03992477 0.8696091 0.3446015 0.6285752 
0.09178281 0.02736102 0.04092313 0.8164528 0.3555282 0.6563983 
0.08837036 0.03176267 0.03697054 1.03184 0.3272622 0.7027054 
0.08738773 0.02729166 0.04031802 0.8786484 0.3458706 0.6652181 
0.08588609 0.02873684 0.03751659 0.8031704 0.3343325 0.6331956 
0.08776642 0.0276884 0.03871612 0.7705945 0.3448978 0.6491572 
0.09076946 0.0279838 0.03669897 0.8031947 0.373962 0.6480752 
0.09041337 0.02848952 0.04068216 0.7190763 0.3756229 0.6472695 
0.08486707 0.0289434 0.03856792 0.9227592 0.330987 0.6824313 
0.08677538 0.02870247 0.03741696 0.7336301 0.3476565 0.6607333 
0.08741668 0.02980886 0.03745794 0.8976244 0.3325254 0.6766546 
0.09046685 0.02898301 0.0395822 0.9449136 0.3477014 0.6816148 
0.09448369 0.02817449 0.0385913 0.7280163 0.3694709 0.6488748 
0.08649866 0.02944425 0.03717191 0.875659 0.3539054 0.669837 
0.09403579 0.0296118 0.03854047 0.8865876 0.3243781 0.6729894 
0.08701921 0.02792269 0.03841846 0.8852848 0.3581848 0.6498523 
0.09506381 0.02724603 0.03790752 0.6800619 0.374421 0.6294452 
0.09531889 0.02764118 0.04029561 0.7654978 0.3628896 0.6324262 
0.08457827 0.02855814 0.03734933 0.7951518 0.372572 0.6560661 
0.08801972 0.02882919 0.03950918 0.9203266 0.3464028 0.649133 
0.09051955 0.02691022 0.04184432 0.7363054 0.3376289 0.6723781 
0.08603702 0.02922817 0.0387165 1.003667 0.3389286 0.6505774 
0.08977494 0.02954954 0.03722824 0.8653748 0.3575942 0.6892725 
0.09201302 0.02790248 0.03936642 0.8073465 0.3366745 0.6618049 
0.08699315 0.02785536 0.03957084 0.8536674 0.337556 0.6459561 
0.09051816 0.0285413 0.03856803 0.9597726 0.3159184 0.6900584 
0.09095269 0.02946075 0.03713186 0.9508318 0.3448323 0.6822844 
0.09151316 0.03050384 0.03920518 0.8957162 0.3407989 0.7150073 
0.0989972 0.02849324 0.03912436 0.8498469 0.3223649 0.6659909 
0.09157213 0.02955259 0.03955292 1.021915 0.3409352 0.681177 
0.09221834 0.02833227 0.03826719 0.8072259 0.3173402 0.6668469 
0.08775506 0.0289606 0.03808586 0.8582134 0.3566115 0.6503484 
0.08928569 0.02892599 0.04037596 1.049225 0.3253666 0.7007401 
0.09021956 0.02871147 0.03821851 0.8531499 0.3412789 0.6509199 
0.09173324 0.02811088 0.03840673 0.7660837 0.3438651 0.6326475 
0.09402723 0.02598616 0.04317636 0.7788088 0.3453559 0.6572665 
0.09032302 0.0278733 0.03910319 0.8499645 0.3473588 0.6708574 
0.0851788 0.02848632 0.03571125 0.8778718 0.3527144 0.6751707 
0.0872087 0.02937587 0.03718846 0.7608954 0.3634112 0.6577189 
0.08686072 0.02856542 0.04111544 0.9252739 0.3417605 0.6480426 
0.09127209 0.02745494 0.04244779 0.8907844 0.3392177 0.665065 
0.09442723 0.02906349 0.03774428 0.8729738 0.3451452 0.6802706 
0.09151883 0.0293419 0.03702043 0.9407327 0.3548462 0.6937869 
0.08739166 0.02955647 0.03925381 1.029231 0.3489118 0.6691144 
0.09384228 0.02938924 0.03939622 0.8873629 0.3220137 0.681984 
0.09253831 0.02901796 0.04072784 0.8897959 0.3329776 0.6792459 
0.09092806 0.02915902 0.03834236 0.9347384 0.3453668 0.6779061 
0.09265716 0.02960657 0.0389726 0.9035045 0.336362 0.6948299 
0.08876614 0.02853015 0.03697797 0.8053935 0.3557207 0.6500426 
0.09000889 0.02979183 0.0380669 0.7895874 0.3642691 0.6136325 
0.08815792 0.02881388 0.03849894 0.8090345 0.3656813 0.6584103 
0.0953804 0.02717136 0.03970637 0.8422402 0.3474993 0.6881141 
0.08828843 0.02763202 0.04080433 0.8617433 0.3504899 0.6475789 
0.08571871 0.02981117 0.03824954 1.024551 0.3501502 0.6635215 
0.09638867 0.02823498 0.03944688 0.8911789 0.3173077 0.6775422 
0.09178589 0.0289092 0.03798335 0.8656674 0.3510738 0.6812331 
0.08301955 0.02924134 0.03795449 0.933533 0.3180383 0.6417636 
0.08728269 0.02781226 0.03994442 0.8416254 0.3332027 0.6487457 
0.08800503 0.02835219 0.03826424 0.8265677 0.3545508 0.6584145 
0.09131949 0.02815491 0.04020226 0.8038951 0.3211213 0.6676316 
0.09096968 0.02835096 0.03954239 0.9049575 0.3355733 0.6744218 
0.09758687 0.02932161 0.03724956 0.7686232 0.3357109 0.6751143 
0.0948853 0.02846358 0.04190281 0.7645168 0.3408859 0.6628074 
0.08345897 0.02914849 0.03817161 0.900993 0.3457207 0.6318879 
0.09238045 0.03127921 0.0375227 0.9834411 0.3328028 0.6776925 
0.0837815 0.02928604 0.04074222 1.000338 0.3173758 0.6816464 
0.08661743 0.02733738 0.0399361 0.8840118 0.349906 0.6570712 
0.08762569 0.02983089 0.03812607 1.023947 0.3310036 0.6523686 
0.08689639 0.02959686 0.03873649 0.9072299 0.3094117 0.6607716 
0.08773505 0.02906159 0.03723889 0.9558168 0.3373709 0.648222 
0.08702611 0.02944425 0.03746717 0.931637 0.3506569 0.6632494 
0.0918817 0.02863578 0.0394285 0.7314742 0.3308241 0.6338797 
0.08557882 0.0285643 0.03807339 0.9160307 0.3307467 0.6476011 
0.09395022 0.02751615 0.03977907 0.8934008 0.3261517 0.6635998 
0.09484485 0.02932197 0.0394455 0.8871318 0.3208315 0.6584094 
0.09783173 0.02960534 0.04028992 0.8467469 0.345669 0.6713338 
0.09273971 0.02820266 0.03762608 0.9349579 0.3480766 0.6577779 
0.08903604 0.02790796 0.04100693 0.9237189 0.32614 0.6625918 
0.09248829 0.02895387 0.03894788 0.8835738 0.3405827 0.6471162 
0.09210339 0.02976345 0.03863672 0.9307498 0.3169202 0.6642342 
0.09489015 0.02765967 0.03764431 0.7583287 0.331146 0.6568388 
0.09120483 0.0274484 0.04034622 0.8374425 0.3460324 0.6496067 
0.09303032 0.02685952 0.04091187 0.7069213 0.3507266 0.6466986 
0.08544221 0.02912208 0.03922 1.064205 0.3280262 0.6923492 
0.09041806 0.02927157 0.03769995 0.8135672 0.3555135 0.624213 
0.08783548 0.03036353 0.03720174 1.019388 0.3253289 0.6868649 
0.08118079 0.02890111 0.03688662 1.016462 0.3462855 0.631466 
0.09181544 0.02879133 0.03710854 0.8298559 0.3391076 0.6684717 
0.08843081 0.02921371 0.03858122 1.071171 0.2956738 0.7080987 
0.08729387 0.0311039 0.03603587 0.951149 0.3331131 0.6663636 
0.08405496 0.02866774 0.03920405 0.9161564 0.3532278 0.6410305 
0.09067279 0.02861796 0.03887485 0.9015016 0.353609 0.6405498 
0.0875442 0.0282796 0.0378168 0.9027029 0.3309467 0.6748998 
0.09209097 0.02786026 0.03786791 0.7530375 0.3424808 0.6495036 
0.08923998 0.02780037 0.03857273 0.8273887 0.3686791 0.641497 
0.09187628 0.02811892 0.03986228 0.8401506 0.3378404 0.6746476 
0.09137598 0.02839257 0.0409374 0.9178247 0.3304585 0.6498204 
0.0912816 0.02932202 0.03748825 0.7198283 0.3646162 0.6418162 
0.08203523 0.03048159 0.03700501 1.217457 0.3310147 0.7080073 
0.08692843 0.02794819 0.04010903 0.722361 0.3736327 0.6205227 
0.08675467 0.02876606 0.03913772 0.8509278 0.3330316 0.6709327 
0.09192452 0.02794747 0.04122926 0.88905 0.327856 0.6311787 
0.09217649 0.02958882 0.03961645 0.9223408 0.3237669 0.7040976 
0.08969565 0.02876277 0.0378745 0.8677639 0.3322649 0.6495127 
0.09297379 0.03046117 0.03865246 0.9778989 0.320225 0.682826 
0.09610005 0.02639958 0.04153205 0.6788027 0.3533928 0.6318897 
0.08987101 0.02649646 0.04207606 0.8295314 0.3623007 0.6585283 
0.09286963 0.03111346 0.03604027 0.9979805 0.3149031 0.6527909 
0.09162003 0.02758266 0.03753435 0.7962286 0.3410276 0.6413706 
0.08697662 0.02883859 0.03581876 0.7891323 0.3791452 0.6341148 
0.09598693 0.02997581 0.03868566 0.8764303 0.3149213 0.7049074 
0.08737992 0.03030971 0.03820642 0.9654023 0.3401149 0.6604372 
0.09227319 0.02884551 0.03908019 0.9184516 0.346596 0.6864166 
0.09091782 0.02849248 0.03964943 1.001484 0.3237783 0.6883618 
0.08647748 0.02817104 0.03760109 0.9656795 0.333704 0.6783681 
0.08706346 0.02995931 0.03689135 0.9614646 0.3432567 0.6624912 
0.0970503 0.02793279 0.04174528 0.8833269 0.3183734 0.6663799 
0.09414986 0.02813653 0.03926618 0.8163965 0.3290022 0.651634 
0.09083762 0.02968358 0.03675446 0.8583317 0.3437246 0.6533559 
0.0916307 0.02968512 0.03818644 0.7413346 0.361825 0.6538255 
0.08621756 0.02949648 0.03807433 0.8591501 0.3416196 0.6740746 
0.09046691 0.02697508 0.04146872 0.8243085 0.3451165 0.640863 
0.08685043 0.02949474 0.03655847 0.86694 0.3367441 0.6539223 
0.09077552 0.0282797 0.0389934 1.035293 0.3441539 0.6614702 
0.08829267 0.02524786 0.0392838 0.8152444 0.3407268 0.6170703 
0.09367417 0.02769366 0.03894059 0.8736136 0.3335957 0.6524542 
0.0933257 0.0287926 0.03931313 0.8541529 0.3325282 0.6537176 
0.09356597 0.02876107 0.03763509 0.8091768 0.3374649 0.6572232 
0.09026315 0.02931534 0.0394024 0.8914222 0.3363054 0.6790647 
0.08883864 0.03000254 0.04117388 0.9067823 0.3289414 0.6635374 
0.0859451 0.029988 0.03977254 1.149875 0.3273608 0.6977504 
0.0820977 0.02846188 0.04123739 1.169076 0.3104006 0.6760987 
0.09486169 0.02985652 0.03750094 0.9096705 0.3202937 0.6628009 
0.08204013 0.02997193 0.03689804 0.9947592 0.3384931 0.6721904 
0.09153614 0.02889411 0.03754625 0.8331524 0.3379595 0.6535683 
0.09014943 0.02865035 0.04042985 0.8508709 0.3518376 0.6438821 
0.08711715 0.02843898 0.03996655 0.8603382 0.3535703 0.6191638 
0.09014467 0.02804515 0.03791548 0.7689879 0.3396244 0.6354726 
0.09512832 0.02897335 0.03760874 0.9434861 0.338783 0.6614801 
0.1003504 0.02675356 0.04115861 0.717005 0.3478052 0.6467332 
0.09415911 0.02853747 0.03966082 0.8492015 0.3472415 0.6247557 
0.09871429 0.02759836 0.04038064 0.7717285 0.3494555 0.6994371 
0.09258765 0.02994803 0.03818685 0.8969495 0.3400721 0.6508752 
0.09329226 0.02959689 0.03740049 0.982872 0.3134595 0.6752144 
0.09252051 0.02921136 0.03750572 0.9133839 0.3400989 0.6545226 
0.0847731 0.02950326 0.03691918 0.9146902 0.3476612 0.6883762 
0.08382995 0.02866729 0.03751356 0.8994642 0.3527133 0.6583652 
0.09230377 0.02872972 0.037104 0.9084296 0.3276426 0.6758008 
0.08373735 0.0287097 0.03566593 0.8639801 0.3512868 0.647814 
0.09504796 0.02861956 0.03917642 0.8279608 0.3276835 0.6593469 
0.08781648 0.02686731 0.04076382 1.108405 0.3446804 0.6896518 
0.09177731 0.02934959 0.03846453 0.8570527 0.3362853 0.6780744 
0.08887388 0.02982339 0.03653625 0.8392161 0.3482336 0.6648236 
0.09342053 0.02803205 0.03670254 0.993944 0.3382748 0.6824248 
0.09315561 0.02842771 0.03719192 0.7547814 0.3449106 0.6290428 
0.09336504 0.02969417 0.0365007 0.8361329 0.329874 0.688015 
0.09257366 0.02993537 0.03777726 0.9327854 0.3329362 0.6543059 
0.08553478 0.02773141 0.03745456 0.8579124 0.3399119 0.6662127 
0.09202464 0.02911261 0.03755014 0.8725688 0.3425012 0.6429416 
0.08681005 0.02722209 0.04199213 0.7783959 0.3427068 0.6843158 
0.09591113 0.02995668 0.03798277 0.9083938 0.3104789 0.6903809 
0.08200835 0.02711119 0.0410077 0.8019545 0.3696931 0.6274981 
0.09186593 0.02916012 0.04022502 0.7746482 0.3418372 0.6626187 
0.08840824 0.02960153 0.04059966 0.9166619 0.3283014 0.6740993 
0.08772836 0.02878633 0.03769388 0.9599411 0.3376491 0.6557826 
0.08670883 0.02805362 0.03868213 0.8390517 0.3538134 0.6633977 
0.09345093 0.02796343 0.03689729 0.7748078 0.339912 0.6269801 
0.09106038 0.02816208 0.03883691 0.8431987 0.3250118 0.6382461 
0.09123055 0.02930518 0.03751219 0.9275873 0.3324312 0.6555163 
0.09391629 0.02945792 0.03966224 1.118054 0.3297699 0.688534 
0.09211727 0.02846412 0.03750174 0.762611 0.3368946 0.6464668 
0.08686348 0.02882364 0.0373463 0.8607325 0.351874 0.6467163 
0.08937285 0.02889026 0.03850459 0.8025564 0.3499866 0.650014 
0.09803225 0.02787751 0.0399725 0.9234787 0.3148638 0.6499082 
0.09023313 0.02857712 0.03868743 0.7914439 0.3287241 0.6704193 
0.09328845 0.02961647 0.03866897 0.9656642 0.3263536 0.6535111 
0.09509353 0.02761419 0.03965376 0.7684424 0.3470826 0.6740609 
0.09098349 0.02870602 0.03875702 0.9297646 0.3324596 0.6741899 
0.08857575 0.02964853 0.03803737 0.8944435 0.3210146 0.6684174 
0.08387334 0.02865188 0.03913606 0.9462658 0.342733 0.6654339 
0.08952334 0.02851726 0.03724013 0.8106501 0.3475564 0.6543898 
0.09567222 0.02825643 0.04000851 0.7223681 0.3278067 0.6384624 
0.09014936 0.02798496 0.03886481 0.875024 0.3420419 0.6686592 
0.09216349 0.02861697 0.03731963 0.8326966 0.3446612 0.6704307 
0.09082845 0.03009833 0.03747126 0.9425552 0.3399321 0.6815437 
0.08807408 0.02823166 0.03838691 0.8730283 0.3459627 0.6473771 
0.09325835 0.02926129 0.03896434 0.8524219 0.3547172 0.6580144 
0.08842688 0.03089472 0.03819831 1.009193 0.3225092 0.6981752 
0.08644958 0.02763162 0.04001778 0.8766528 0.361655 0.633652 
0.0919987 0.0293423 0.03705383 0.7763004 0.3559027 0.6681825 
0.08624803 0.02721854 0.04005728 0.8326608 0.3876196 0.6192518 
0.09297224 0.02686798 0.0407352 0.7902917 0.3602923 0.6573643 
0.08903956 0.02896088 0.03850779 0.9051939 0.3568845 0.6544852 
0.09279474 0.02917579 0.03755499 0.8957991 0.3372108 0.6893373 
0.08338641 0.02783349 0.03810706 0.8976495 0.3412021 0.6671251 
0.09040262 0.02879893 0.03706212 0.7338046 0.3477437 0.6704544 
0.09933988 0.02900727 0.03946159 0.8913031 0.3282542 0.6959479 
0.08946268 0.02873522 0.03944554 0.7633398 0.3615305 0.6332316 
0.09040759 0.02947442 0.03838975 1.070811 0.3185861 0.6914572 
0.091843 0.02972253 0.03723285 1.040441 0.3404537 0.6436664 
0.08954437 0.02927559 0.03799964 0.8629406 0.3087141 0.6575201 
0.0980811 0.02787381 0.04032728 0.8144042 0.338267 0.6623482 
0.100318 0.02769815 0.03957371 0.773393 0.3253639 0.643855 
0.09362005 0.0283308 0.03933973 0.808934 0.3237739 0.676151 
0.09021283 0.03009035 0.03759472 1.028399 0.3101068 0.6715852 
0.08739141 0.0276942 0.03724799 0.8081356 0.341804 0.6539757 
0.0879252 0.02859771 0.03844202 0.8960429 0.3502418 0.6610632 
0.08752214 0.02896199 0.03828084 0.9931911 0.3300823 0.6794843 
0.09413771 0.02822318 0.0371887 0.9605594 0.3463478 0.6695717 
0.09334363 0.02848915 0.03808322 0.7934717 0.3505245 0.6618279 
0.08539955 0.02852608 0.03526899 0.8834197 0.3415372 0.6321029 
0.08575458 0.02941784 0.03782228 1.075802 0.3156745 0.7010469 
0.09064227 0.02837778 0.03822367 0.9181475 0.350039 0.6695149 
0.08422711 0.02753219 0.03683218 0.7688403 0.3325272 0.6567756 
0.0867572 0.02997938 0.0385676 0.9543357 0.3346939 0.6438638 
0.08770136 0.03067157 0.03858969 1.017414 0.3251145 0.7037043 
0.08799351 0.0286217 0.0390613 0.8452538 0.3649175 0.6624353 
0.08943081 0.02956212 0.03765693 0.8797421 0.3446236 0.6483795 
0.09611947 0.02801889 0.03650039 0.7369337 0.3329625 0.6472876 
0.09535122 0.02794213 0.03846848 0.7224034 0.3512367 0.6437076 
0.09657364 0.02912325 0.03790717 0.7751398 0.3363011 0.6472369 
0.09266435 0.02837235 0.03933436 0.8465554 0.3423651 0.6928371 
0.08662785 0.02949842 0.03869165 0.9814855 0.3364563 0.6749329 
0.09048384 0.02523299 0.04196076 0.7170613 0.3601445 0.6235774 
0.08878856 0.02718061 0.03924516 0.8095276 0.3266397 0.6552008 
0.08982463 0.02741252 0.03973766 0.7872505 0.3516707 0.6498079 
0.09553765 0.0285984 0.03782556 0.8855698 0.3416971 0.6796722 
0.1024556 0.02724342 0.04050214 0.9032463 0.3372824 0.6847649 
0.09093332 0.02686543 0.04044876 0.7510289 0.3551546 0.6565527 
0.08665737 0.02907128 0.0377018 0.9010016 0.3428514 0.6745745 
0.0928895 0.02968686 0.03710527 0.8297792 0.3369864 0.669318 
0.09667424 0.02818605 0.03977884 0.8288273 0.3396192 0.6673415 
0.08743212 0.02957414 0.0388448 0.9884113 0.3272274 0.6885475 
0.09719415 0.02904302 0.03792341 0.8731985 0.3194392 0.660731 
0.09367926 0.02758969 0.03846218 0.7498881 0.3527272 0.6292435 
0.09946812 0.02921623 0.03958371 0.8056175 0.33148 0.6697826 
0.0888608 0.02901707 0.03870423 0.8146519 0.3655109 0.6365055 
0.09431094 0.02891241 0.03740839 0.8315971 0.3358805 0.6667766 
0.08585085 0.02935351 0.03607389 0.9424013 0.3284626 0.672151 
0.09181286 0.02909076 0.03709262 0.8063211 0.359623 0.6510426 
0.08727219 0.0295731 0.0387006 0.9310123 0.3372603 0.6797248 
0.08973651 0.02794085 0.04206212 0.9406284 0.3507275 0.6669338 
0.08698842 0.02901348 0.03729531 1.02904 0.3324494 0.6603221 
0.0907933 0.02907194 0.03958509 0.9497635 0.3404747 0.6403163 
0.09668993 0.02962152 0.04071485 0.9525788 0.315919 0.6607477 
0.08682852 0.0291324 0.03952522 0.8943667 0.329046 0.6600849 
0.09009888 0.02864792 0.03817701 0.9950394 0.3138223 0.6730952 
0.08881977 0.02763659 0.03701614 0.8644044 0.3598786 0.6561655 
0.09177817 0.0266167 0.04188812 0.8027072 0.3406792 0.6544171 
0.08959646 0.0268277 0.03837104 0.8833899 0.3365028 0.6458864 
0.1019642 0.02849059 0.03802195 0.8073549 0.3440601 0.6594099 
0.08676218 0.02925157 0.0395203 0.8480147 0.3457458 0.6448674 
0.09329148 0.02828233 0.03711382 0.7666002 0.3351558 0.6585375 
0.09023907 0.02797793 0.03950624 0.8286104 0.3546524 0.6296796 
0.09290365 0.02738891 0.04068046 0.8558629 0.3371084 0.6530801 
0.0961693 0.02776918 0.04205719 0.7497976 0.3162626 0.6493108 
0.08662004 0.02936777 0.03667688 0.9040112 0.3389362 0.6450689 
0.09197343 0.02849927 0.03876334 0.8978966 0.3294418 0.6740544 
0.1035384 0.02894205 0.03896966 0.8105168 0.3351156 0.6833059 
0.08591586 0.02637277 0.04138774 1.007897 0.3347768 0.6496273 
0.08722554 0.02884739 0.03974918 0.9539226 0.3285252 0.6940315 
0.09277007 0.02819706 0.03906451 0.9735884 0.3105812 0.6593254 
0.09212329 0.02710319 0.03911587 0.815472 0.3449756 0.6412384 
0.09174181 0.02845047 0.03682514 0.8359333 0.3512571 0.656818 
0.08798063 0.02743521 0.03949858 1.109142 0.3165962 0.6642039 
0.0887546 0.02857911 0.03956829 0.9204874 0.3721487 0.6632525 
0.08684989 0.0289172 0.03752616 0.8507068 0.3646988 0.6516452 
0.08440937 0.02889196 0.03792339 0.9529142 0.3446728 0.6736906 
0.09461583 0.02933916 0.03885135 0.9518971 0.3204167 0.6881655 
0.09319941 0.02938805 0.03755115 0.9386312 0.3290469 0.6949633 
0.0990988 0.0283187 0.04144985 0.8756359 0.3232063 0.6882125 
0.09269932 0.02961474 0.03702277 0.7508474 0.3591932 0.6598966 
0.09114796 0.0282941 0.03782408 0.7746143 0.3694642 0.6473707 
0.08191395 0.02958187 0.03759427 1.119813 0.3155525 0.6810293 
0.08920383 0.02773932 0.03874934 0.9167355 0.3262052 0.6687799 
0.09602492 0.0282599 0.03900899 0.9011664 0.30225 0.7063539 
0.09090174 0.02926153 0.03823981 0.8114835 0.3450134 0.6584302 
0.09032585 0.02842162 0.03734978 0.7932713 0.341778 0.6614749 
0.08950134 0.02972976 0.03784874 0.9059581 0.3324733 0.6553832 
0.09302085 0.0291434 0.03903454 0.892511 0.355148 0.6743978 
0.09574102 0.03022448 0.03813851 0.8998685 0.3260969 0.6447496 
0.08616686 0.0279577 0.03882317 0.8475928 0.3390741 0.6819744 
0.09779259 0.02793215 0.03953854 0.8149048 0.3530613 0.6659825 
0.08921233 0.02874128 0.0369135 0.9866553 0.3435393 0.7113079 
0.08442616 0.02795818 0.0381458 0.8147984 0.3597437 0.6421406 
0.09529861 0.02876452 0.0388425 0.8653752 0.3316326 0.6583538 
0.09662867 0.02648536 0.03833254 0.6947174 0.3569669 0.6302127 
0.08559318 0.02893857 0.03786493 0.8252152 0.3663075 0.626649 
0.08960675 0.02921428 0.0390652 0.9845508 0.3284926 0.6710618 
0.09334236 0.02896488 0.03928207 0.9222301 0.3451487 0.6643251 
0.08726464 0.02889549 0.04054777 0.8786244 0.3438137 0.6663764 
0.09546891 0.02658502 0.04142174 0.6910239 0.3496906 0.647841 
0.0940286 0.02866818 0.03735876 0.8072988 0.3366219 0.625649 
0.09044663 0.02908468 0.03745859 0.8725102 0.3562737 0.6813574 
0.08808416 0.02878703 0.0392735 0.7542803 0.3406719 0.6455565 
0.08429651 0.02762225 0.04011211 0.9262529 0.3399747 0.6576729 
0.08750077 0.02794452 0.03952927 0.8793148 0.3452064 0.673054 
0.07953898 0.02953572 0.03724529 0.9328556 0.3792258 0.6750634 
0.09570791 0.02585412 0.04308892 0.7614994 0.3468206 0.6641191 
0.09154058 0.02772489 0.03954363 0.7074745 0.3434786 0.6453836 
0.08182982 0.02877547 0.03779415 0.9835399 0.3526509 0.6473405 
0.09052608 0.02709432 0.04111081 0.8561187 0.3600532 0.6566527 
0.09431889 0.02649702 0.03973994 0.7226438 0.348839 0.6435058 
0.08340882 0.02921826 0.03760555 0.8575671 0.3546696 0.6638216 
0.08435654 0.02720219 0.03935809 0.9667436 0.3388245 0.6796481 
0.09337182 0.02933366 0.03887142 0.8492618 0.3431391 0.6523747 
0.09728507 0.02700142 0.04426846 0.8379833 0.3232757 0.6639756 
0.09441623 0.02663205 0.04429522 0.7982 0.3292623 0.6638012 
0.0921569 0.02940944 0.03763229 0.8672812 0.3604979 0.6683888 
0.09797162 0.028804 0.03907517 0.9623389 0.3040717 0.6940624 
0.09924945 0.02880232 0.03865946 0.8890064 0.3309869 0.6748867 
0.08573048 0.02856937 0.03710761 0.9040874 0.3412797 0.6452088 
0.09703947 0.02787583 0.04088747 0.7647536 0.3466288 0.6495045 
0.0885007 0.02958964 0.04038403 1.084033 0.3331 0.6497325 
0.09016547 0.02853703 0.03763821 0.9728657 0.3252867 0.6446728 
0.0844803 0.02904847 0.03884319 0.9455454 0.3302061 0.6910255 
0.09205998 0.02807315 0.03803873 0.7547412 0.3542506 0.6276939 
0.08495144 0.02956006 0.03806343 0.8523889 0.3644596 0.6482851 
0.09020736 0.02787928 0.03990925 0.8846843 0.3353087 0.6802318 
0.08973706 0.02810633 0.0388388 0.9511143 0.3318893 0.7061082 
0.08016771 0.02711167 0.03892051 0.8632673 0.3573159 0.6483223 
0.08663179 0.02859689 0.03901746 0.9298437 0.3391831 0.66924 
0.09282151 0.02915348 0.03734132 0.8872904 0.350567 0.6479003 
0.08904044 0.02773201 0.03991336 0.6958303 0.3454121 0.6495214 
0.0880094 0.02844755 0.03813436 0.8665601 0.3178876 0.6615087 
0.09003498 0.02992299 0.0360475 0.8391673 0.3224396 0.6498934 
0.08725164 0.0292165 0.03742665 0.9267651 0.3382565 0.6496386 
0.1040511 0.02692862 0.04231244 0.6796216 0.3576936 0.6544215 
0.08780881 0.02817237 0.03749913 0.9220263 0.3549815 0.6925927 
0.09995648 0.02742635 0.04148873 0.7869424 0.3461163 0.6390285 
0.09023682 0.02865066 0.03795336 0.8483576 0.3503632 0.6695419 
0.0871863 0.02799689 0.03962723 0.8626849 0.3379179 0.6498075 
0.08394807 0.02860613 0.03854695 0.7876837 0.3631151 0.6514462 
0.094686 0.02800353 0.04134706 0.7388923 0.3465839 0.6475293 
0.08358996 0.02943761 0.03677047 0.9901898 0.3363725 0.6202739 
0.08548611 0.02925928 0.03928633 0.9470202 0.342741 0.6723715 
0.09344647 0.02929021 0.03652294 0.8237285 0.3420379 0.6713788 
0.08357345 0.02906183 0.03815678 0.8574549 0.3613968 0.6582167 
0.09348334 0.02908296 0.03838213 0.8853438 0.3471018 0.6894963 
0.08394403 0.02917954 0.0363919 0.9263207 0.3396543 0.6333545 
0.09309639 0.02831523 0.03886833 1.020217 0.3300826 0.6816718 
0.08777175 0.02872167 0.03784404 0.847586 0.3497805 0.6595548 
0.09749994 0.0277858 0.03776718 0.7451942 0.3379181 0.6614218 
0.0900486 0.02646828 0.04036203 0.7919647 0.3469047 0.6452837 
0.0910037 0.03074186 0.03883643 1.04812 0.3321386 0.6868903 
0.09479903 0.02676613 0.04232368 0.8195978 0.3493882 0.6557504 
0.09236711 0.0268341 0.04005327 0.7248372 0.3471074 0.6260328 
0.09232746 0.02744903 0.03925491 0.8646334 0.3223561 0.649855 
0.09130813 0.02821914 0.03820817 0.7931357 0.3721106 0.6548643 
0.09381645 0.02969232 0.03839729 1.061497 0.307411 0.702098 
0.09054548 0.02862821 0.04008364 0.7202474 0.3439605 0.6436752 
0.08900251 0.02770205 0.03815689 0.7468732 0.3655729 0.6251584 
0.09682948 0.02887327 0.03999523 0.8492924 0.3280716 0.6774979 
0.09012527 0.02866044 0.03874148 0.909781 0.3182545 0.6627114 
0.08665875 0.02884868 0.03760654 0.9589765 0.3258431 0.6278786 
0.09086173 0.02729716 0.03993307 0.8467444 0.3535097 0.611946 
0.08745352 0.02869317 0.03814238 0.8959086 0.3512958 0.6549253 
0.08825833 0.02918911 0.03689962 0.8526244 0.3568161 0.6519553 
0.08260761 0.03012912 0.03875071 1.212335 0.3304632 0.6669217 
0.09664007 0.02719396 0.04125273 0.7463895 0.3376759 0.6559155 
0.08979385 0.02901847 0.03716914 0.9024771 0.3456913 0.6529634 
0.09531432 0.02844465 0.03950852 0.7626555 0.33216 0.6749425 
0.09425909 0.02875569 0.03935332 0.859236 0.3557064 0.6731298 
0.09227205 0.02789219 0.03995663 0.8927609 0.3517752 0.6528341 
0.08814139 0.02957788 0.03967636 0.9062177 0.3226682 0.7006957 
0.08790429 0.02932345 0.0372099 0.9850771 0.3580139 0.628512 
0.09090553 0.02950367 0.03765422 0.8024072 0.346775 0.6343338 
0.08444582 0.02887026 0.03949092 1.13811 0.3206891 0.6819377 
0.08921974 0.02975532 0.03793787 1.10859 0.3256194 0.6600297 
0.08598289 0.03094856 0.03567567 0.9281539 0.3493964 0.6564903 
0.09290896 0.03007728 0.03706704 0.9078979 0.3156642 0.6509625 
0.09086577 0.02934928 0.03752884 1.046388 0.3348723 0.6762859 
0.087057 0.02892789 0.03782441 0.8377749 0.3634489 0.6501942 
0.09104933 0.02695415 0.04196251 0.8609737 0.3309862 0.6787026 
0.0893885 0.0284183 0.03723986 0.8512386 0.3457932 0.6499471 
0.09460595 0.02864525 0.03847619 0.8619858 0.3520504 0.6569304 
0.08198811 0.02940714 0.03921568 1.021673 0.3274193 0.6509282 
0.08877703 0.02944803 0.03825853 0.8896686 0.3407517 0.6543562 
0.09018633 0.02757341 0.03841697 0.757419 0.3645132 0.6616496 
0.09444956 0.02976128 0.03923609 0.8619703 0.345563 0.6751485 
0.08685926 0.02837206 0.03773169 0.8178012 0.3631499 0.6508411 
0.08922367 0.02901205 0.038223 1.016414 0.3315105 0.6634597 
0.09144205 0.02951499 0.03795339 0.7760483 0.3411596 0.6380155 
0.0945494 0.02844108 0.03956957 0.9250582 0.3452529 0.6589921 
0.08944945 0.02670572 0.03995954 0.7888009 0.3489661 0.6339775 
0.09050047 0.02828573 0.03897917 0.8330736 0.358297 0.6481977 
0.08746268 0.02872877 0.0393748 1.078859 0.3099809 0.6812301 
0.08121137 0.02775736 0.04031247 0.9245924 0.3574906 0.6345307 
0.08686457 0.02827595 0.04219639 0.9579258 0.3274247 0.6792293 
0.09213602 0.02867821 0.04037749 0.9251477 0.32255 0.6626209 
0.08635082 0.02826063 0.03990085 0.9475654 0.3481975 0.6767004 
0.09286144 0.029717 0.03966037 0.8871019 0.3236011 0.6597361 
0.09341834 0.02961991 0.036301 0.9600125 0.3255475 0.6970005 
0.08678633 0.02844344 0.03812046 0.9530411 0.3659056 0.640697 
0.09312084 0.02789108 0.0358776 0.7408194 0.356599 0.6446327 
0.09193724 0.02842638 0.0404042 0.8921763 0.3468568 0.6840455 
0.09322191 0.02716197 0.04084986 0.8525135 0.3338383 0.6744171 
0.09475718 0.02920952 0.03796105 0.9175423 0.3216579 0.6922414 
0.093171 0.02921584 0.0358065 0.9724809 0.3266604 0.671501 
0.08999777 0.02871725 0.03805251 0.9015403 0.3160048 0.6781081 
0.09338357 0.02766749 0.04060373 0.8886263 0.315476 0.6814578 
0.09218404 0.02828996 0.03857451 0.9206877 0.3342542 0.6756629 
0.09109158 0.02824037 0.04061521 0.8868692 0.3526832 0.6772449 
0.08577914 0.0278356 0.03935169 0.9099393 0.3653741 0.6193424 
0.08390374 0.02835511 0.03806473 0.960223 0.3421102 0.644722 
0.08998996 0.02864691 0.03953573 1.106922 0.3103704 0.6754636 
0.08344973 0.02807642 0.03939707 0.9950839 0.3198276 0.6803075 
0.08963193 0.02866197 0.036855 0.8743249 0.3420784 0.6627583 
0.08420538 0.02939362 0.0382565 0.9380758 0.3403343 0.6336753 
0.09762699 0.02849318 0.03869322 0.6914186 0.3453997 0.6588265 
0.08376434 0.02849395 0.037521 0.8245818 0.3825836 0.6298294 
0.08669277 0.0301469 0.0379586 1.230085 0.3112279 0.6833635 
0.08807244 0.02897539 0.03534759 0.9215309 0.3300584 0.662091 
0.08289323 0.02914307 0.03867997 0.930544 0.3740613 0.6538503 
0.09118784 0.02759669 0.03849372 0.7319504 0.3500947 0.633987 
0.09603769 0.02811775 0.03800154 0.762558 0.3626613 0.6600804 
0.084713 0.02965936 0.0380896 1.164777 0.31542 0.6688409 
0.08958985 0.02831718 0.03765486 0.8601672 0.3314918 0.6604689 
0.08876769 0.03044691 0.0386258 1.001612 0.3205464 0.6649364 
0.09121992 0.02893458 0.03863808 0.907739 0.3337217 0.6692755 
