1 0.9314346 
0.5 0.9462025 
0 0.9419831 
1 0.9517327 
0.5 0.9542079 
0 0.9306931 
1 0.9432367 
0.5 0.9577295 
0 0.9504831 
1 0.942928 
0.5 0.9689826 
0 0.9305211 
1 0.9526316 
0.5 0.9526316 
0 0.9473684 
1 0.9454545 
0.5 0.9579545 
0 0.9295455 
1 0.9548969 
0.5 0.9497423 
0 0.9548969 
1 0.9459459 
0.5 0.9570025 
0 0.9484029 
1 0.9399441 
0.5 0.9511173 
0 0.9413408 
1 0.954918 
0.5 0.9590164 
0 0.931694 
1 0.9459459 
0.5 0.9594595 
0 0.9348894 
1 0.9431818 
0.5 0.9421488 
0 0.9297521 
1 0.9391192 
0.5 0.9598446 
0 0.9494819 
1 0.9573733 
0.5 0.9654378 
0 0.9400922 
1 0.9504608 
0.5 0.9677419 
0 0.9331797 
1 0.9325843 
0.5 0.9449438 
0 0.9269663 
1 0.9392936 
0.5 0.9558499 
0 0.9337748 
1 0.9473684 
0.5 0.9692982 
0 0.9605263 
1 0.958042 
0.5 0.9568765 
0 0.9335664 
1 0.962963 
0.5 0.9530864 
0 0.954321 
1 0.9549878 
0.5 0.9562044 
0 0.9416058 
1 0.9570707 
0.5 0.9444444 
0 0.9431818 
1 0.9585635 
0.5 0.961326 
0 0.9558011 
1 0.9491315 
0.5 0.9516129 
0 0.9503722 
1 0.9553806 
0.5 0.9435696 
0 0.9488189 
1 0.9471264 
0.5 0.9563218 
0 0.9390805 
1 0.9516129 
0.5 0.9489247 
0 0.9408602 
1 0.9521964 
0.5 0.9547804 
0 0.9379845 
1 0.9642857 
0.5 0.9717262 
0 0.9479167 
1 0.9462366 
0.5 0.9569892 
0 0.936828 
1 0.9510251 
0.5 0.9441913 
0 0.9077449 
1 0.9426667 
0.5 0.936 
0 0.9586667 
1 0.9366755 
0.5 0.9551451 
0 0.9313984 
1 0.9570485 
0.5 0.9493392 
0 0.9361233 
1 0.9457831 
0.5 0.9563253 
0 0.9472892 
1 0.9577465 
0.5 0.9553991 
0 0.9413146 
1 0.942928 
0.5 0.9640199 
0 0.9478908 
1 0.9451531 
0.5 0.9553571 
0 0.9247449 
1 0.9444444 
0.5 0.9574468 
0 0.929078 
1 0.9368421 
0.5 0.95 
0 0.9460526 
1 0.9465066 
0.5 0.9421397 
0 0.9334061 
1 0.9359331 
0.5 0.9623955 
0 0.9512535 
1 0.9514563 
0.5 0.9441748 
0 0.9429612 
1 0.9402036 
0.5 0.9631043 
0 0.9274809 
1 0.9510582 
0.5 0.9589947 
0 0.9298942 
1 0.9401709 
0.5 0.9615385 
0 0.9387464 
1 0.939433 
0.5 0.9523196 
0 0.9626289 
1 0.9538259 
0.5 0.9525066 
0 0.9525066 
1 0.9553806 
0.5 0.9580052 
0 0.9173228 
1 0.9613095 
0.5 0.9747024 
0 0.9464286 
1 0.9593596 
0.5 0.9433498 
0 0.9199507 
1 0.9591029 
0.5 0.9683377 
0 0.9485488 
1 0.9511494 
0.5 0.9683908 
0 0.9382184 
1 0.9481132 
0.5 0.9528302 
0 0.9221698 
1 0.9573733 
0.5 0.9585253 
0 0.9435484 
1 0.958445 
0.5 0.9504021 
0 0.958445 
1 0.9513158 
0.5 0.9447368 
0 0.9131579 
1 0.9600515 
0.5 0.9548969 
0 0.943299 
1 0.9458599 
0.5 0.9745223 
0 0.9378981 
1 0.9441913 
0.5 0.9316629 
0 0.9316629 
1 0.9609375 
0.5 0.9583333 
0 0.9440104 
1 0.951087 
0.5 0.9578804 
0 0.9429348 
1 0.939528 
0.5 0.9572271 
0 0.9660767 
1 0.9414169 
0.5 0.9645777 
0 0.9427793 
1 0.9420103 
0.5 0.9574742 
0 0.9342784 
1 0.9506881 
0.5 0.9472477 
0 0.9277523 
1 0.9441748 
0.5 0.9563107 
0 0.9441748 
1 0.9444444 
0.5 0.962963 
0 0.9271605 
1 0.9543081 
0.5 0.9569191 
0 0.9530026 
1 0.9402036 
0.5 0.9516539 
0 0.9300254 
1 0.9528986 
0.5 0.9492754 
0 0.9323671 
1 0.9444444 
0.5 0.959596 
0 0.9393939 
1 0.9512472 
0.5 0.9478458 
0 0.9297052 
1 0.9490291 
0.5 0.9660194 
0 0.9296117 
1 0.9535573 
0.5 0.9545455 
0 0.923913 
1 0.9421365 
0.5 0.9658754 
0 0.9614243 
1 0.9353933 
0.5 0.9606742 
0 0.9620787 
1 0.9599407 
0.5 0.9732938 
0 0.9451039 
1 0.9529221 
0.5 0.9545455 
0 0.9448052 
1 0.9379845 
0.5 0.9573643 
0 0.9612403 
1 0.94 
0.5 0.9533333 
0 0.9355556 
1 0.9501312 
0.5 0.9580052 
0 0.9317585 
1 0.9443005 
0.5 0.9637306 
0 0.9494819 
1 0.9492441 
0.5 0.9395248 
0 0.9341253 
1 0.9397436 
0.5 0.9602564 
0 0.9487179 
1 0.9592391 
0.5 0.9565217 
0 0.9266304 
1 0.9501466 
0.5 0.9677419 
0 0.9604106 
1 0.9425587 
0.5 0.9569191 
0 0.9464752 
1 0.9456265 
0.5 0.964539 
0 0.9420804 
1 0.9347826 
0.5 0.9629156 
0 0.9398977 
1 0.9469697 
0.5 0.9491342 
0 0.9307359 
1 0.9494949 
0.5 0.9532828 
0 0.9393939 
1 0.9441748 
0.5 0.9417476 
0 0.9308252 
1 0.9495913 
0.5 0.9713896 
0 0.9495913 
1 0.9393939 
0.5 0.9583333 
0 0.9545455 
1 0.9497283 
0.5 0.96875 
0 0.9415761 
1 0.9455782 
0.5 0.9455782 
0 0.9195011 
1 0.9553314 
0.5 0.9582133 
0 0.9510086 
1 0.9513514 
0.5 0.9621622 
0 0.9391892 
1 0.9472222 
0.5 0.9513889 
0 0.9541667 
1 0.9457143 
0.5 0.9414286 
0 0.9428571 
1 0.9457364 
0.5 0.9638243 
0 0.9392765 
1 0.9487751 
0.5 0.9465479 
0 0.9498886 
1 0.9551451 
0.5 0.9525066 
0 0.9485488 
1 0.9347826 
0.5 0.9307065 
0 0.9375 
1 0.9482759 
0.5 0.9549072 
0 0.9602122 
1 0.9455307 
0.5 0.9636872 
0 0.9497207 
1 0.9568966 
0.5 0.9593596 
0 0.9433498 
1 0.9609375 
0.5 0.9609375 
0 0.9505208 
1 0.9451872 
0.5 0.9665775 
0 0.947861 
1 0.9363395 
0.5 0.9535809 
0 0.9416446 
1 0.94875 
0.5 0.95875 
0 0.93 
1 0.942217 
0.5 0.9646226 
0 0.9339623 
1 0.962766 
0.5 0.9542553 
0 0.9117021 
1 0.9537634 
0.5 0.9505376 
0 0.9505376 
1 0.9416667 
0.5 0.9392857 
0 0.9511905 
1 0.9547677 
0.5 0.9572127 
0 0.9229829 
1 0.951074 
0.5 0.9618138 
0 0.9427208 
1 0.9552239 
0.5 0.9477612 
0 0.9365672 
1 0.9534884 
0.5 0.9547804 
0 0.9354005 
1 0.9381579 
0.5 0.9552632 
0 0.9434211 
1 0.9456825 
0.5 0.9554318 
0 0.9303621 
1 0.9468822 
0.5 0.9468822 
0 0.9376443 
1 0.9371921 
0.5 0.9519704 
0 0.9408867 
1 0.9397906 
0.5 0.9568063 
0 0.934555 
1 0.9507042 
0.5 0.9535211 
0 0.9394366 
1 0.9544271 
0.5 0.9596354 
0 0.9440104 
1 0.9467822 
1 0.9422492 
0.5 0.9620061 
0 0.93769 
1 0.954878 
0.5 0.9560976 
0 0.9390244 
1 0.9533679 
0.5 0.9481865 
0 0.9455959 
1 0.9595016 
0.5 0.9641745 
0 0.9470405 
1 0.9455206 
0.5 0.9612591 
0 0.9261501 
1 0.953271 
0.5 0.9556075 
0 0.9369159 
1 0.946875 
0.5 0.9546875 
0 0.9609375 
1 0.9452055 
0.5 0.946347 
0 0.9121005 
1 0.9600939 
0.5 0.9565728 
0 0.92723 
1 0.9535714 
0.5 0.9440476 
0 0.9285714 
1 0.9711752 
0.5 0.9667406 
0 0.9179601 
1 0.947619 
0.5 0.9535714 
0 0.9452381 
1 0.9517766 
0.5 0.963198 
0 0.9555838 
1 0.9493976 
0.5 0.9506024 
0 0.9253012 
1 0.9538745 
0.5 0.9271218 
0 0.9289668 
1 0.9631236 
0.5 0.9522777 
0 0.9284165 
1 0.9478723 
0.5 0.943617 
0 0.9468085 
1 0.9386189 
0.5 0.9565217 
0 0.9398977 
1 0.9358974 
0.5 0.9461538 
0 0.9512821 
1 0.9381579 
0.5 0.9407895 
0 0.9302632 
1 0.9421769 
0.5 0.946712 
0 0.9433107 
1 0.9545455 
0.5 0.960688 
0 0.953317 
1 0.9371585 
0.5 0.9617486 
0 0.9398907 
1 0.9517134 
0.5 0.953271 
0 0.9579439 
1 0.9465174 
0.5 0.9701493 
0 0.9340796 
1 0.9548694 
0.5 0.9501188 
0 0.9429929 
1 0.9526185 
0.5 0.9476309 
0 0.925187 
1 0.9562044 
0.5 0.9525547 
0 0.9367397 
1 0.95962 
0.5 0.9655582 
0 0.9441805 
1 0.9471649 
0.5 0.9742268 
0 0.939433 
1 0.9459459 
0.5 0.955774 
0 0.9361179 
1 0.9506667 
0.5 0.948 
0 0.948 
1 0.9636119 
0.5 0.9663073 
0 0.9299191 
1 0.9330986 
0.5 0.9518779 
0 0.9319249 
1 0.9475066 
0.5 0.9619423 
0 0.9527559 
1 0.9487871 
0.5 0.9528302 
0 0.9447439 
1 0.9467787 
0.5 0.9593838 
0 0.9439776 
1 0.9494505 
0.5 0.9428571 
0 0.9164835 
1 0.9436275 
0.5 0.9534314 
0 0.9264706 
1 0.9546599 
0.5 0.9458438 
0 0.9420655 
1 0.9647727 
0.5 0.95 
0 0.9431818 
1 0.9506726 
0.5 0.9293722 
0 0.9035874 
1 0.9513678 
0.5 0.9711246 
0 0.943769 
1 0.9496314 
0.5 0.9471744 
0 0.9471744 
1 0.9451531 
0.5 0.9668367 
0 0.9298469 
1 0.9491094 
0.5 0.9478372 
0 0.937659 
1 0.9532872 
0.5 0.9723183 
0 0.949827 
1 0.9557641 
0.5 0.9477212 
0 0.9463807 
1 0.9440559 
0.5 0.951049 
0 0.9358974 
1 0.9446855 
0.5 0.9511931 
0 0.9262473 
1 0.9369658 
0.5 0.9401709 
0 0.9198718 
1 0.9481236 
0.5 0.9470199 
0 0.9271523 
1 0.9343066 
0.5 0.9537713 
0 0.9562044 
1 0.9477124 
0.5 0.9722222 
0 0.9493464 
1 0.9509804 
0.5 0.956427 
0 0.9433551 
1 0.9526699 
0.5 0.9550971 
0 0.9186893 
1 0.9541063 
0.5 0.9541063 
0 0.9275362 
1 0.9354839 
0.5 0.9652605 
0 0.9280397 
1 0.9475066 
0.5 0.9553806 
0 0.9514436 
1 0.957606 
0.5 0.9538653 
0 0.9588529 
1 0.9450402 
0.5 0.9463807 
0 0.9504021 
1 0.9490741 
0.5 0.962963 
0 0.9131944 
1 0.9574713 
0.5 0.9494253 
0 0.9287356 
1 0.9504831 
0.5 0.9516908 
0 0.9456522 
1 0.9521127 
0.5 0.9661972 
0 0.9507042 
1 0.955335 
0.5 0.9590571 
0 0.939206 
1 0.9508547 
0.5 0.9551282 
0 0.9305556 
1 0.937355 
0.5 0.9524362 
0 0.9315545 
1 0.9571046 
0.5 0.9597855 
0 0.9396783 
1 0.9545455 
0.5 0.9409091 
0 0.9238636 
1 0.9358354 
0.5 0.9503632 
0 0.9237288 
1 0.9427793 
0.5 0.9482289 
0 0.9495913 
1 0.9277389 
0.5 0.951049 
0 0.9463869 
1 0.9516807 
0.5 0.9537815 
0 0.8739496 
1 0.9390805 
0.5 0.9655172 
0 0.9505747 
1 0.9511002 
0.5 0.9498778 
0 0.9180929 
1 0.9293785 
0.5 0.9590395 
0 0.9477401 
1 0.9474359 
0.5 0.9525641 
0 0.9461538 
1 0.9558824 
0.5 0.9375 
0 0.9338235 
1 0.9481865 
0.5 0.9430052 
0 0.9443005 
1 0.9447115 
0.5 0.9651442 
0 0.9266827 
1 0.9480874 
0.5 0.9603825 
0 0.954918 
1 0.9434251 
0.5 0.9434251 
0 0.9342508 
1 0.9633152 
0.5 0.9538043 
0 0.9483696 
1 0.9393939 
0.5 0.9448052 
0 0.9329004 
1 0.9622871 
0.5 0.9635036 
0 0.9306569 
1 0.9556277 
0.5 0.9437229 
0 0.9253247 
1 0.9478079 
0.5 0.9551148 
0 0.9331942 
1 0.9588235 
0.5 0.9576471 
0 0.9447059 
1 0.9524457 
0.5 0.9578804 
0 0.9266304 
1 0.9365256 
0.5 0.9476615 
0 0.9309577 
1 0.9583333 
0.5 0.9481982 
0 0.9335586 
1 0.9353234 
0.5 0.960199 
0 0.9427861 
1 0.9513514 
0.5 0.95 
0 0.9594595 
1 0.9346154 
0.5 0.9576923 
0 0.95 
1 0.9547804 
0.5 0.9521964 
0 0.9341085 
1 0.9553571 
0.5 0.9579082 
0 0.9540816 
1 0.9428571 
0.5 0.9402597 
0 0.9480519 
1 0.9472296 
0.5 0.9630607 
0 0.9591029 
1 0.95629 
0.5 0.9520256 
0 0.9264392 
1 0.9373464 
0.5 0.960688 
0 0.9447174 
1 0.9350829 
0.5 0.9571823 
0 0.9530387 
1 0.9555256 
0.5 0.9447439 
0 0.9622642 
1 0.9509537 
0.5 0.9509537 
0 0.9427793 
1 0.9586864 
0.5 0.9639831 
0 0.9269068 
1 0.9333333 
0.5 0.9678571 
0 0.9380952 
1 0.9584383 
0.5 0.9420655 
0 0.9471033 
1 0.9444444 
0.5 0.9599483 
0 0.9289406 
1 0.9428571 
0.5 0.9630952 
0 0.9345238 
1 0.9327411 
0.5 0.9403553 
0 0.9327411 
1 0.9411058 
0.5 0.9567308 
0 0.9254808 
1 0.9477807 
0.5 0.9464752 
0 0.9477807 
1 0.9368132 
0.5 0.9505495 
0 0.9574176 
1 0.9551282 
0.5 0.9602564 
0 0.9538462 
1 0.9692557 
0.5 0.9708738 
0 0.9482201 
1 0.9613402 
0.5 0.9703608 
0 0.9304124 
1 0.9527363 
0.5 0.9514925 
0 0.9365672 
1 0.9298246 
0.5 0.9486216 
0 0.9398496 
1 0.9534574 
0.5 0.9667553 
0 0.9348404 
1 0.9557235 
0.5 0.9470842 
0 0.9395248 
1 0.942577 
0.5 0.9439776 
0 0.9411765 
1 0.9418317 
0.5 0.950495 
0 0.9393564 
1 0.9380734 
0.5 0.962156 
0 0.9300459 
1 0.9676056 
0.5 0.9535211 
0 0.9225352 
1 0.9569444 
0.5 0.9569444 
0 0.9472222 
1 0.9324324 
0.5 0.9459459 
0 0.9158004 
1 0.9553314 
0.5 0.9682997 
0 0.9423631 
1 0.9536817 
0.5 0.956057 
0 0.9477435 
1 0.9569444 
0.5 0.9666667 
0 0.9430556 
1 0.9364303 
0.5 0.9498778 
0 0.9352078 
1 0.9371429 
0.5 0.96 
0 0.9385714 
1 0.9511834 
0.5 0.9704142 
0 0.933432 
1 0.9394673 
0.5 0.9503632 
0 0.940678 
1 0.959596 
0.5 0.9545455 
0 0.9507576 
1 0.9452381 
0.5 0.9428571 
0 0.927381 
1 0.9296875 
0.5 0.9520089 
0 0.9375 
1 0.9409722 
0.5 0.9490741 
0 0.9421296 
1 0.9537915 
0.5 0.9703791 
0 0.9241706 
1 0.9447761 
0.5 0.9567164 
0 0.9507463 
1 0.9498681 
0.5 0.9525066 
0 0.9419525 
1 0.937659 
0.5 0.9452926 
0 0.9440204 
1 0.9568966 
0.5 0.9568966 
0 0.9482759 
1 0.9459135 
0.5 0.9555288 
0 0.9158654 
1 0.951005 
0.5 0.9648241 
0 0.9422111 
1 0.9521964 
0.5 0.9573643 
0 0.9457364 
1 0.9458599 
0.5 0.9596603 
0 0.9288747 
1 0.939528 
0.5 0.9528024 
0 0.9439528 
1 0.9524941 
0.5 0.9524941 
0 0.9418052 
1 0.9325513 
0.5 0.973607 
0 0.9472141 
1 0.9640103 
0.5 0.9550129 
0 0.9550129 
1 0.9470954 
0.5 0.9616183 
0 0.9294606 
1 0.9435262 
0.5 0.9614325 
0 0.9325069 
1 0.9336493 
0.5 0.9632701 
0 0.9300948 
1 0.9486874 
0.5 0.951074 
0 0.9176611 
1 0.9530864 
0.5 0.9481481 
0 0.945679 
1 0.9453333 
0.5 0.9573333 
0 0.944 
1 0.958589 
0.5 0.9570552 
0 0.952454 
1 0.9470752 
0.5 0.9610028 
0 0.954039 
1 0.9494253 
0.5 0.9597701 
0 0.9494253 
1 0.9561028 
0.5 0.9346895 
0 0.9336188 
1 0.9530271 
0.5 0.9551148 
0 0.9290188 
1 0.9631148 
0.5 0.9590164 
0 0.9480874 
1 0.9454094 
0.5 0.9540943 
0 0.9342432 
1 0.9587379 
0.5 0.9514563 
0 0.9466019 
1 0.9548105 
0.5 0.9548105 
0 0.9373178 
1 0.93625 
0.5 0.96125 
0 0.96 
1 0.9462366 
0.5 0.9623656 
0 0.9650538 
1 0.9488889 
0.5 0.9555556 
0 0.93 
1 0.9473684 
0.5 0.9496568 
0 0.9336384 
1 0.9493333 
0.5 0.96 
0 0.9493333 
1 0.9486842 
0.5 0.9578947 
0 0.9394737 
1 0.9618421 
0.5 0.9526316 
0 0.9355263 
1 0.9622396 
0.5 0.9440104 
0 0.9466146 
1 0.9519231 
0.5 0.953125 
0 0.9423077 
1 0.9507389 
0.5 0.9618227 
0 0.9125616 
1 0.9393564 
0.5 0.9740099 
0 0.9566832 
1 0.9618529 
0.5 0.9618529 
0 0.9482289 
1 0.9450935 
0.5 0.9439252 
0 0.9404206 
1 0.952439 
0.5 0.9585366 
0 0.95 
1 0.930791 
0.5 0.9576271 
0 0.9533898 
1 0.9339378 
0.5 0.9598446 
0 0.9352332 
1 0.9468085 
0.5 0.9562648 
0 0.9550827 
1 0.9482201 
0.5 0.9595469 
0 0.9288026 
1 0.9453608 
0.5 0.942268 
0 0.9443299 
1 0.9348958 
0.5 0.9518229 
0 0.9270833 
1 0.9461153 
0.5 0.9598997 
0 0.9385965 
1 0.9609164 
0.5 0.9541779 
0 0.9366577 
1 0.9287469 
0.5 0.9545455 
0 0.9287469 
1 0.9559659 
0.5 0.9502841 
0 0.9389205 
1 0.9384164 
0.5 0.9457478 
0 0.9589443 
1 0.9571823 
0.5 0.9640884 
0 0.9433702 
1 0.9475375 
0.5 0.9518201 
0 0.9346895 
1 0.9517937 
0.5 0.9495516 
0 0.9394619 
1 0.9502315 
0.5 0.9537037 
0 0.9039352 
1 0.9466292 
0.5 0.9536517 
0 0.9480337 
1 0.9433498 
0.5 0.9581281 
0 0.9396552 
1 0.9505076 
0.5 0.9492386 
0 0.927665 
1 0.9569328 
0.5 0.9506303 
0 0.9233193 
1 0.9619565 
0.5 0.9714674 
0 0.9429348 
1 0.9592697 
0.5 0.9578652 
0 0.9494382 
1 0.9470752 
0.5 0.9470752 
0 0.9247911 
1 0.9389535 
0.5 0.9607558 
0 0.934593 
1 0.9433498 
0.5 0.9408867 
0 0.9495074 
1 0.9685864 
0.5 0.973822 
0 0.947644 
1 0.9356955 
0.5 0.9540682 
0 0.9225722 
1 0.9521858 
0.5 0.9713115 
0 0.9412568 
1 0.944186 
0.5 0.9639535 
0 0.9232558 
1 0.9426434 
0.5 0.9588529 
0 0.925187 
1 0.9512821 
0.5 0.9525641 
0 0.9525641 
1 0.9398664 
0.5 0.9554566 
0 0.9342984 
1 0.9478372 
0.5 0.9580153 
0 0.9465649 
1 0.959596 
0.5 0.9507576 
0 0.9406566 
1 0.9474299 
0.5 0.9521028 
0 0.942757 
1 0.9390244 
0.5 0.9478936 
0 0.921286 
1 0.9513158 
0.5 0.95 
0 0.925 
1 0.9455446 
0.5 0.9492574 
0 0.9430693 
1 0.950495 
0.5 0.9665842 
0 0.9306931 
1 0.941989 
0.5 0.9668508 
0 0.9406077 
1 0.9531646 
0.5 0.9594937 
0 0.9151899 
1 0.952381 
0.5 0.9573935 
0 0.9486216 
1 0.9459103 
0.5 0.9564644 
0 0.9419525 
1 0.9544393 
0.5 0.9544393 
0 0.9275701 
1 0.9467822 
0.5 0.9418317 
0 0.9294554 
1 0.9460674 
0.5 0.958427 
0 0.9483146 
1 0.9613333 
0.5 0.956 
0 0.9573333 
1 0.9572539 
0.5 0.9533679 
0 0.9378238 
1 0.9428571 
0.5 0.9545455 
0 0.9402597 
1 0.9487535 
0.5 0.9487535 
0 0.933518 
1 0.9331683 
0.5 0.9628713 
0 0.9480198 
1 0.9560811 
0.5 0.9470721 
0 0.9459459 
1 0.9493671 
0.5 0.9556962 
0 0.9493671 
1 0.9555838 
0.5 0.9682741 
0 0.9479695 
1 0.9511173 
0.5 0.972067 
0 0.9664804 
1 0.9548533 
0.5 0.9492099 
0 0.9300226 
1 0.9580645 
0.5 0.9709677 
0 0.9564516 
1 0.9541485 
0.5 0.9563319 
0 0.9497817 
1 0.9561856 
0.5 0.9626289 
0 0.9420103 
1 0.9449761 
0.5 0.9521531 
0 0.9330144 
1 0.9492754 
0.5 0.9710145 
0 0.9492754 
1 0.9538106 
0.5 0.9503464 
0 0.9468822 
1 0.9550971 
0.5 0.961165 
0 0.9393204 
1 0.9453303 
0.5 0.9589977 
0 0.9396355 
1 0.9481383 
0.5 0.9614362 
0 0.9428191 
1 0.9564033 
0.5 0.9700272 
0 0.9046322 
1 0.9489529 
0.5 0.9659686 
0 0.9410995 
1 0.9487179 
0.5 0.974359 
0 0.951567 
1 0.9651899 
0.5 0.9636076 
0 0.9446203 
1 0.9485459 
0.5 0.9463087 
0 0.9519016 
1 0.9393204 
0.5 0.9502427 
0 0.9223301 
1 0.9497817 
0.5 0.9541485 
0 0.9454148 
1 0.9561611 
0.5 0.9549763 
0 0.9454976 
1 0.9467532 
0.5 0.9363636 
0 0.9571429 
1 0.9540598 
0.5 0.9583333 
0 0.9305556 
1 0.9292035 
0.5 0.9572271 
0 0.9557522 
1 0.95125 
0.5 0.96375 
0 0.94625 
1 0.9562648 
0.5 0.9326241 
0 0.9326241 
1 0.9498567 
0.5 0.9555874 
0 0.9426934 
1 0.9517167 
0.5 0.9560086 
0 0.9281116 
1 0.9407583 
0.5 0.9609005 
0 0.9300948 
1 0.9522472 
0.5 0.9578652 
0 0.9438202 
1 0.9594156 
0.5 0.9659091 
0 0.9350649 
1 0.9455959 
0.5 0.9598446 
0 0.9352332 
1 0.953125 
0.5 0.9671875 
0 0.9390625 
1 0.9486486 
0.5 0.9513514 
0 0.9324324 
1 0.9393258 
0.5 0.9483146 
0 0.9348315 
1 0.9496021 
0.5 0.9575597 
0 0.9456233 
1 0.964467 
0.5 0.9505076 
0 0.9340102 
1 0.9560724 
0.5 0.9651163 
0 0.9547804 
1 0.9425428 
0.5 0.9547677 
0 0.9364303 
1 0.9442935 
0.5 0.9578804 
0 0.9375 
1 0.9474359 
0.5 0.9525641 
0 0.9217949 
1 0.9636364 
0.5 0.9675325 
0 0.9337662 
1 0.95 
0.5 0.9464286 
0 0.9404762 
1 0.9447368 
0.5 0.9592105 
0 0.9460526 
1 0.95 
0.5 0.9625 
0 0.9319444 
1 0.954142 
0.5 0.9556213 
0 0.9423077 
1 0.948913 
0.5 0.9586957 
0 0.9326087 
1 0.9455206 
0.5 0.9443099 
0 0.9443099 
1 0.9669421 
0.5 0.9600551 
0 0.9380165 
1 0.95953 
0.5 0.9686684 
0 0.9347258 
1 0.9579082 
0.5 0.9668367 
0 0.9553571 
1 0.9545455 
0.5 0.953317 
0 0.9410319 
1 0.9519451 
0.5 0.9427918 
0 0.9359268 
1 0.9476886 
0.5 0.9562044 
0 0.93309 
1 0.9491726 
0.5 0.9562648 
0 0.9326241 
1 0.950495 
0.5 0.9368812 
0 0.9282178 
1 0.9457014 
0.5 0.9626697 
0 0.9366516 
1 0.9449878 
0.5 0.9682152 
0 0.9400978 
1 0.9642857 
0.5 0.9678571 
0 0.9392857 
1 0.948 
0.5 0.9626667 
0 0.9533333 
1 0.9549072 
0.5 0.9456233 
0 0.9350133 
1 0.9537037 
0.5 0.952381 
0 0.9563492 
1 0.9519833 
0.5 0.9572025 
0 0.9352818 
1 0.948324 
0.5 0.9678771 
0 0.9581006 
1 0.9456265 
0.5 0.9491726 
0 0.9420804 
1 0.9547414 
0.5 0.9612069 
0 0.9353448 
1 0.9578804 
0.5 0.9660326 
0 0.9429348 
1 0.9447236 
0.5 0.9459799 
0 0.9409548 
1 0.9494681 
0.5 0.9654255 
0 0.9468085 
1 0.9420804 
0.5 0.9562648 
0 0.9456265 
1 0.9456967 
0.5 0.9385246 
0 0.9262295 
1 0.9543269 
0.5 0.9519231 
0 0.9206731 
1 0.9567901 
0.5 0.9567901 
0 0.9345679 
1 0.9603365 
0.5 0.9639423 
0 0.9423077 
1 0.9477273 
0.5 0.9522727 
0 0.9136364 
1 0.948 
0.5 0.9493333 
0 0.9333333 
1 0.950495 
0.5 0.9566832 
0 0.9344059 
1 0.943956 
0.5 0.9461538 
0 0.943956 
1 0.9373602 
0.5 0.9530201 
0 0.9418345 
1 0.9410377 
0.5 0.9563679 
0 0.9221698 
1 0.9533898 
0.5 0.960452 
0 0.9491525 
1 0.9458128 
0.5 0.9679803 
0 0.9470443 
1 0.951005 
0.5 0.951005 
0 0.919598 
1 0.943734 
0.5 0.9501279 
0 0.9373402 
1 0.9552752 
0.5 0.9392202 
0 0.9300459 
1 0.945 
0.5 0.94375 
0 0.93 
1 0.9400545 
0.5 0.9632153 
0 0.9495913 
1 0.9525547 
0.5 0.9549878 
0 0.9318735 
1 0.9337017 
0.5 0.9544199 
0 0.9364641 
1 0.9494949 
0.5 0.9608586 
0 0.9330808 
1 0.9452247 
0.5 0.9550562 
0 0.9452247 
1 0.9453333 
0.5 0.9626667 
0 0.9466667 
1 0.9443069 
0.5 0.9430693 
0 0.9319307 
1 0.937046 
0.5 0.9491525 
0 0.9394673 
1 0.9550827 
0.5 0.9716312 
0 0.9479905 
1 0.9341737 
0.5 0.9537815 
0 0.9341737 
1 0.9487179 
0.5 0.9589744 
0 0.9525641 
1 0.9371508 
0.5 0.9678771 
0 0.9539106 
1 0.9520349 
0.5 0.9694767 
0 0.9447674 
1 0.963357 
0.5 0.9609929 
0 0.9054374 
1 0.9474359 
0.5 0.9564103 
0 0.9397436 
1 0.9733503 
0.5 0.9606599 
0 0.9365482 
1 0.945977 
0.5 0.9551724 
0 0.9229885 
1 0.9487871 
0.5 0.9663073 
0 0.9555256 
1 0.9462617 
0.5 0.9649533 
0 0.9357477 
1 0.9437653 
0.5 0.9535452 
0 0.9413203 
1 0.9511568 
0.5 0.9524422 
0 0.9215938 
1 0.9467213 
0.5 0.9576503 
0 0.9480874 
1 0.946712 
0.5 0.9444444 
0 0.9331066 
1 0.9327485 
0.5 0.9678363 
0 0.9225146 
1 0.9483627 
0.5 0.9647355 
0 0.940806 
1 0.9388298 
0.5 0.9507979 
0 0.9494681 
1 0.9432367 
0.5 0.9492754 
0 0.9275362 
1 0.9498861 
0.5 0.953303 
0 0.9373576 
1 0.9409341 
0.5 0.9505495 
0 0.9478022 
1 0.9481268 
0.5 0.9409222 
0 0.9524496 
1 0.9570025 
0.5 0.9520885 
0 0.9373464 
1 0.9549419 
0.5 0.9767442 
0 0.9462209 
1 0.9452555 
0.5 0.9708029 
0 0.9294404 
1 0.9496124 
0.5 0.9547804 
0 0.9444444 
1 0.9513382 
0.5 0.9537713 
0 0.93309 
1 0.9572127 
0.5 0.9559902 
0 0.9315403 
1 0.9433735 
0.5 0.9542169 
0 0.9301205 
1 0.9559471 
0.5 0.9537445 
0 0.9273128 
1 0.960041 
0.5 0.9610656 
0 0.9211066 
1 0.9470443 
0.5 0.9495074 
0 0.9482759 
1 0.9576659 
0.5 0.9508009 
0 0.9393593 
1 0.9532828 
0.5 0.9570707 
0 0.9469697 
1 0.9368557 
0.5 0.9561856 
0 0.9497423 
1 0.9421296 
0.5 0.943287 
0 0.9282407 
1 0.9588068 
0.5 0.9573864 
0 0.9289773 
1 0.9502119 
0.5 0.9459746 
0 0.9163136 
1 0.9513158 
0.5 0.9526316 
0 0.9473684 
1 0.948037 
0.5 0.9549654 
0 0.9515012 
1 0.9553571 
0.5 0.9477041 
0 0.9438776 
1 0.9522613 
0.5 0.9560302 
0 0.928392 
1 0.9418605 
0.5 0.9372093 
0 0.944186 
1 0.9402174 
0.5 0.9524457 
0 0.9347826 
1 0.9319899 
0.5 0.9483627 
0 0.9521411 
1 0.9455206 
0.5 0.9564165 
0 0.9467312 
1 0.9333333 
0.5 0.9306667 
0 0.9466667 
1 0.9357798 
0.5 0.9598624 
0 0.9461009 
1 0.943662 
0.5 0.9600939 
0 0.9495305 
1 0.9606205 
0.5 0.9534606 
0 0.9391408 
1 0.9466357 
0.5 0.9582367 
0 0.9292343 
1 0.9576271 
0.5 0.9612591 
0 0.9225182 
1 0.9486081 
0.5 0.9486081 
0 0.9357602 
1 0.9546539 
0.5 0.9606205 
0 0.9367542 
1 0.9236277 
0.5 0.951074 
0 0.9379475 
1 0.9309859 
0.5 0.9521127 
0 0.9464789 
1 0.953271 
0.5 0.9731308 
0 0.9474299 
1 0.9550971 
0.5 0.9538835 
0 0.934466 
1 0.9396135 
0.5 0.9637681 
0 0.9323671 
1 0.9457071 
0.5 0.9482323 
0 0.9356061 
1 0.9436813 
0.5 0.9478022 
0 0.9491758 
1 0.9592593 
0.5 0.9654321 
0 0.9345679 
1 0.9481132 
0.5 0.9433962 
0 0.9115566 
1 0.9408353 
0.5 0.9419954 
0 0.9385151 
1 0.9455446 
0.5 0.9665842 
0 0.9381188 
1 0.9592511 
0.5 0.9526432 
0 0.9328194 
1 0.9444444 
0.5 0.9603175 
0 0.9391534 
1 0.9414758 
0.5 0.9516539 
0 0.9389313 
1 0.9484925 
0.5 0.9334171 
0 0.9334171 
1 0.9461358 
0.5 0.9566745 
0 0.9484778 
1 0.9387019 
0.5 0.9603365 
0 0.9314904 
1 0.9548611 
0.5 0.9409722 
0 0.9282407 
1 0.945 
0.5 0.95 
0 0.925 
1 0.9432515 
0.5 0.9677914 
0 0.9432515 
1 0.9388489 
0.5 0.9448441 
0 0.9448441 
1 0.9550562 
0.5 0.9578652 
0 0.9550562 
1 0.9429612 
0.5 0.9526699 
0 0.9114078 
1 0.9576803 
0.5 0.968652 
0 0.9576803 
1 0.9428191 
0.5 0.9574468 
0 0.9614362 
1 0.9476584 
0.5 0.9435262 
0 0.9559229 
1 0.9530457 
0.5 0.9555838 
0 0.927665 
1 0.9619048 
0.5 0.9642857 
0 0.9285714 
1 0.9395466 
0.5 0.9471033 
0 0.9395466 
1 0.9447115 
0.5 0.9507212 
0 0.9459135 
1 0.9504132 
0.5 0.9517906 
0 0.953168 
1 0.9450128 
0.5 0.9693095 
0 0.9578005 
1 0.9571006 
0.5 0.9689349 
0 0.9467456 
1 0.9412533 
0.5 0.9503916 
0 0.9543081 
1 0.9553073 
0.5 0.9748603 
0 0.9553073 
1 0.951049 
0.5 0.9463869 
0 0.9452214 
1 0.941896 
0.5 0.9633028 
0 0.9449541 
1 0.9435262 
0.5 0.969697 
0 0.9490358 
1 0.9640371 
0.5 0.9617169 
0 0.9338747 
1 0.9507246 
0.5 0.9811594 
0 0.9492754 
1 0.9546569 
0.5 0.9460784 
0 0.9301471 
1 0.9525994 
0.5 0.9648318 
0 0.9617737 
1 0.9558824 
0.5 0.9639037 
0 0.959893 
1 0.9443128 
0.5 0.9656398 
0 0.9312796 
1 0.9573333 
0.5 0.9506667 
0 0.9426667 
1 0.9467822 
0.5 0.9641089 
0 0.9430693 
1 0.940583 
0.5 0.9439462 
0 0.9002242 
1 0.9521127 
0.5 0.9535211 
0 0.9422535 
1 0.955414 
0.5 0.9506369 
0 0.9378981 
1 0.9510309 
0.5 0.9497423 
0 0.9445876 
1 0.9444444 
0.5 0.95 
0 0.9388889 
1 0.9501425 
0.5 0.954416 
0 0.9387464 
1 0.9632701 
0.5 0.9620853 
0 0.9194313 
1 0.9540682 
0.5 0.9580052 
0 0.9278215 
1 0.9388021 
0.5 0.9518229 
0 0.9479167 
1 0.9530201 
0.5 0.9519016 
0 0.9295302 
1 0.9435262 
0.5 0.9614325 
0 0.9449036 
1 0.9550321 
0.5 0.9507495 
0 0.9122056 
1 0.9496403 
0.5 0.9532374 
0 0.9280576 
1 0.9538259 
0.5 0.9538259 
0 0.9406332 
1 0.9516461 
0.5 0.9619342 
0 0.9423868 
1 0.948 
0.5 0.9546667 
0 0.9506667 
1 0.9441687 
0.5 0.955335 
0 0.9379653 
1 0.9537634 
0.5 0.9526882 
0 0.9419355 
1 0.9448198 
0.5 0.9617117 
0 0.9414414 
1 0.9494253 
0.5 0.9482759 
0 0.9436782 
1 0.9490617 
0.5 0.9571046 
0 0.9504021 
1 0.9494949 
0.5 0.9583333 
0 0.9103535 
1 0.9450262 
0.5 0.9568063 
0 0.9594241 
1 0.9402036 
0.5 0.9529262 
0 0.9363868 
1 0.9571788 
0.5 0.9596977 
0 0.9282116 
1 0.9528796 
0.5 0.9620419 
0 0.9240838 
1 0.9535147 
0.5 0.952381 
0 0.9455782 
1 0.9543081 
0.5 0.9791123 
0 0.9399478 
1 0.940051 
0.5 0.9540816 
0 0.9362245 
1 0.9585635 
0.5 0.968232 
0 0.9571823 
1 0.9612591 
0.5 0.9588378 
0 0.9527845 
1 0.9519704 
0.5 0.9630542 
0 0.9261084 
1 0.9511173 
0.5 0.9608939 
0 0.9273743 
1 0.95953 
0.5 0.9490862 
0 0.9334204 
1 0.945977 
0.5 0.9425287 
0 0.9264368 
1 0.95962 
0.5 0.9619952 
0 0.9299287 
1 0.9291237 
0.5 0.9664948 
0 0.9381443 
1 0.9404762 
0.5 0.9444444 
0 0.9378307 
1 0.9471983 
0.5 0.9396552 
0 0.9364224 
1 0.9568345 
0.5 0.9496403 
0 0.9460432 
1 0.9486081 
0.5 0.9464668 
0 0.9282655 
1 0.9495074 
0.5 0.9519704 
0 0.9359606 
1 0.9408213 
0.5 0.9541063 
0 0.910628 
1 0.9501109 
0.5 0.9490022 
0 0.9334812 
1 0.9527363 
0.5 0.9427861 
0 0.9253731 
1 0.9514925 
0.5 0.9651741 
0 0.9402985 
1 0.941573 
0.5 0.958427 
0 0.9483146 
1 0.9693593 
0.5 0.9442897 
0 0.9401114 
1 0.9464286 
0.5 0.9502551 
0 0.9477041 
1 0.9554974 
0.5 0.9515707 
0 0.9424084 
1 0.945122 
0.5 0.9573171 
0 0.9280488 
1 0.95 
0.5 0.9615385 
0 0.9666667 
1 0.9652956 
0.5 0.9717224 
0 0.9357326 
1 0.9485294 
0.5 0.9705882 
0 0.9426471 
1 0.9461942 
0.5 0.9593176 
0 0.9370079 
1 0.9623786 
0.5 0.9429612 
0 0.9417476 
1 0.9454094 
0.5 0.9578164 
0 0.9590571 
1 0.9623494 
0.5 0.9608434 
0 0.9608434 
1 0.956 
0.5 0.952 
0 0.9546667 
1 0.9482759 
0.5 0.955665 
0 0.932266 
1 0.9386921 
0.5 0.9604905 
0 0.9577657 
1 0.9382845 
0.5 0.9518828 
