0.1462068 0.01509876 0.1021839 0.1025406 0.4596571 0.5637655 
0.1499501 0.01535675 0.1033629 0.1074932 0.4323717 0.5486729 
0.1599831 0.01620586 0.1007443 0.1013563 0.4403871 0.5425993 
0.1505196 0.0152497 0.1036442 0.105112 0.4284752 0.5627357 
0.1538486 0.01580924 0.09530744 0.09656894 0.4389617 0.5681998 
0.1469672 0.01632444 0.1003029 0.1069991 0.4450623 0.5517178 
0.1601137 0.0160763 0.09751529 0.0975778 0.4336588 0.5584489 
0.1585824 0.01675404 0.09131186 0.09554133 0.4060834 0.5860795 
0.1560781 0.01575423 0.1011855 0.1026419 0.4618371 0.5736148 
0.1467062 0.01570371 0.09928652 0.09981605 0.4287098 0.5645124 
0.1518453 0.01684995 0.09606334 0.09619208 0.4534124 0.5566804 
0.1449417 0.01444758 0.1068336 0.1069623 0.4613157 0.5278516 
0.1516794 0.01507854 0.1000548 0.1041914 0.4507009 0.5596753 
0.1632192 0.01569122 0.1005587 0.1023096 0.4340339 0.5782614 
0.151851 0.01609834 0.09920831 0.09986878 0.4552666 0.5612795 
0.1540732 0.01473468 0.0982663 0.09984469 0.4675161 0.5533024 
0.164643 0.01653098 0.09313451 0.09552573 0.4546879 0.5768882 
0.1597693 0.01585609 0.1013808 0.1048363 0.4249905 0.568103 
0.1533876 0.01561187 0.1026871 0.1038697 0.4416617 0.5630115 
0.1608961 0.01665475 0.1035014 0.1035034 0.4246593 0.5473729 
0.1543068 0.01510625 0.1030659 0.1036999 0.4370384 0.5574967 
0.1451704 0.01599653 0.1009697 0.1013659 0.4395042 0.558409 
0.146098 0.0148446 0.1047623 0.1073203 0.4321614 0.5495573 
0.1598669 0.01526268 0.1000816 0.1015737 0.460883 0.5638429 
0.1540428 0.01596499 0.09258494 0.09624978 0.4386068 0.5898289 
0.162758 0.01629497 0.101225 0.1053362 0.4303035 0.5971028 
0.1443603 0.01399123 0.1070526 0.1098385 0.4721938 0.5476962 
0.148638 0.0147964 0.104645 0.107268 0.4671291 0.5398698 
0.1575817 0.01518465 0.1005301 0.1034972 0.4409002 0.5442637 
0.1435746 0.01519848 0.09774543 0.09952326 0.4786129 0.5187685 
0.1584125 0.01490172 0.09554764 0.09707293 0.4522165 0.5926232 
0.145491 0.0152633 0.1038829 0.104942 0.445429 0.5236669 
0.1537013 0.01558714 0.1051896 0.1058943 0.4506014 0.56914 
0.1538755 0.01654685 0.0996658 0.1056201 0.4531884 0.5609754 
0.1603727 0.01689429 0.09713661 0.1008628 0.4401153 0.5756949 
0.1587874 0.01576576 0.09692131 0.09773123 0.477558 0.5866952 
0.153118 0.01620396 0.09472804 0.09658627 0.4506374 0.5441844 
0.1560441 0.01560323 0.09381143 0.09732317 0.4374666 0.5748759 
0.1618304 0.01667883 0.09398573 0.09826569 0.4289977 0.5675518 
0.1515295 0.0164229 0.09781703 0.09954495 0.4617765 0.5514203 
0.1414081 0.01555182 0.09500627 0.09624226 0.4883374 0.5340211 
0.1585303 0.01573909 0.09416435 0.09607511 0.436602 0.559053 
0.1558506 0.01585253 0.09921968 0.09987502 0.4357882 0.5831589 
0.1391618 0.01498229 0.1015531 0.1031533 0.4604507 0.5205204 
0.1474512 0.01532207 0.09984419 0.1020878 0.462205 0.5484697 
0.1505559 0.01582674 0.1000789 0.102408 0.4358606 0.5850975 
0.1518714 0.01560316 0.0978503 0.1022195 0.4556863 0.5468564 
0.1529696 0.01553958 0.1055371 0.1083873 0.4239433 0.6104642 
0.1413057 0.01413975 0.1054959 0.1065895 0.4621213 0.5333448 
0.167809 0.01570946 0.09360709 0.09725856 0.4564791 0.5464574 
0.1615455 0.01661395 0.09120435 0.0925103 0.4444761 0.5655556 
0.1526057 0.01604815 0.09669255 0.1041468 0.4483136 0.5461945 
0.1410524 0.01491266 0.09923889 0.1063352 0.4502065 0.5913885 
0.1479993 0.01469361 0.1020795 0.1069928 0.4429469 0.5309437 
0.1427893 0.01501988 0.1047157 0.1070028 0.4541468 0.5484797 
0.1623485 0.01566401 0.09986473 0.100147 0.439 0.5987075 
0.1443751 0.01555292 0.1036866 0.1056739 0.4356127 0.5609877 
0.16309 0.0157819 0.1022218 0.1022541 0.4316402 0.5843322 
0.158134 0.01547192 0.09808679 0.09913517 0.4497842 0.535372 
0.1658509 0.01678733 0.0930916 0.0947647 0.4446001 0.5444414 
0.1537384 0.01555228 0.097475 0.1018312 0.4389005 0.5318743 
0.1566414 0.01590991 0.09527309 0.09576454 0.4552459 0.5444812 
0.1568964 0.0158677 0.0900487 0.09074516 0.4411869 0.5713998 
0.1614699 0.01652274 0.09372434 0.09837021 0.442125 0.5619203 
0.1454161 0.01569309 0.09677927 0.09715013 0.4719242 0.5272408 
0.1508277 0.01688936 0.09188965 0.0942791 0.4456624 0.5279837 
0.1554926 0.01526811 0.1010833 0.1035164 0.4430195 0.5727514 
0.1727703 0.01667992 0.09259239 0.09901533 0.4308916 0.5830142 
0.15763 0.01605572 0.09276125 0.1011353 0.4220214 0.5563874 
0.1594577 0.01633162 0.09741929 0.1025616 0.4316657 0.5482469 
0.1642856 0.01662221 0.0940282 0.09575501 0.4169694 0.5847562 
0.1634774 0.01704125 0.09511429 0.09660769 0.4242177 0.5721947 
0.147685 0.01558263 0.09410599 0.09722474 0.4367577 0.5594582 
0.1598718 0.01624719 0.0984054 0.1008892 0.437294 0.5645404 
0.1517115 0.01659374 0.0934673 0.09754298 0.4449352 0.5762989 
0.1589076 0.01465993 0.09783515 0.09855165 0.421464 0.5529065 
0.1495648 0.01527178 0.09804694 0.09804974 0.4476451 0.533927 
0.160458 0.01575646 0.09635466 0.09639347 0.4438917 0.574907 
0.1487454 0.01601875 0.09594823 0.1008607 0.4495867 0.5283079 
0.1590821 0.01654747 0.09989044 0.1013105 0.4137752 0.5868596 
0.161479 0.01586757 0.09496587 0.09587384 0.4369332 0.5703928 
0.1617792 0.01640446 0.09918366 0.1014698 0.4127799 0.563969 
0.1467965 0.0158597 0.1016077 0.1021659 0.4407838 0.5378522 
0.170372 0.01523058 0.08924117 0.08973191 0.4256038 0.5537038 
0.1635434 0.01615099 0.09284637 0.09511302 0.4221691 0.5486253 
0.148832 0.01627534 0.09973386 0.1008293 0.4297959 0.545838 
0.1591112 0.01658746 0.09777643 0.09879346 0.4439221 0.5693788 
0.1597578 0.0158132 0.09725266 0.09752031 0.4544287 0.5488718 
0.1660136 0.01574756 0.09790839 0.0985557 0.4436362 0.5694634 
0.1460664 0.01536704 0.1058752 0.1070815 0.4624154 0.5570011 
0.1484605 0.01462815 0.1043967 0.1046257 0.4535422 0.543492 
0.1540612 0.01613359 0.09668664 0.09669697 0.4632721 0.5378903 
0.1609376 0.01571858 0.09453066 0.09680143 0.4430354 0.5521856 
0.1494894 0.01515407 0.1018242 0.1036107 0.4528364 0.5554929 
0.1506049 0.01590611 0.09233673 0.09852898 0.453381 0.543285 
0.1697581 0.01687825 0.09106124 0.09485009 0.394234 0.5894325 
0.1626743 0.01653095 0.09416372 0.09437029 0.4449343 0.5584054 
0.1712986 0.01711181 0.09762341 0.1023119 0.4260941 0.5739901 
0.1491506 0.01563097 0.09913242 0.1000189 0.4404384 0.5549731 
0.1493138 0.0168021 0.09625974 0.09856243 0.430028 0.5576304 
0.1583811 0.01491586 0.1039995 0.1049648 0.4262893 0.5523687 
0.1597757 0.01642549 0.09175433 0.0930593 0.4271404 0.5695487 
0.1501486 0.01520641 0.0922218 0.1012116 0.4591918 0.5163086 
0.1508644 0.01637133 0.09529982 0.09792198 0.4538411 0.5402471 
0.1668657 0.01730046 0.09699727 0.09934738 0.4121438 0.5819699 
0.166861 0.01658642 0.09592815 0.09716679 0.4231743 0.5697721 
0.1465981 0.01580536 0.09386875 0.09508809 0.436322 0.5709432 
0.1401736 0.01515094 0.094874 0.09938919 0.4688831 0.5072927 
0.1445105 0.01440126 0.1030756 0.1043251 0.4638891 0.5330888 
0.1688907 0.01685137 0.09008362 0.09458937 0.4259017 0.598206 
0.1604745 0.0160595 0.09463693 0.09657914 0.4438426 0.5527628 
0.1504089 0.01617225 0.09913947 0.1030185 0.4553006 0.5491298 
0.1486342 0.01498502 0.1029779 0.103392 0.4560536 0.5416743 
0.1492651 0.0152135 0.09432074 0.09438867 0.4747712 0.5339728 
0.1526742 0.01572172 0.1002546 0.102417 0.4683008 0.5752295 
0.1495308 0.01542149 0.1066727 0.1074532 0.4590784 0.5543592 
0.1655684 0.01615514 0.09273524 0.09543597 0.434261 0.5335963 
0.1699869 0.01626387 0.09524475 0.09588889 0.4223384 0.5679175 
0.149703 0.01518722 0.1083128 0.1085247 0.4644471 0.5739306 
0.1482587 0.01604356 0.1028137 0.1044215 0.4392084 0.5508387 
0.1596849 0.01561799 0.09941966 0.09955804 0.4570998 0.5794624 
0.1528731 0.0155236 0.1016311 0.1035944 0.4469087 0.5408368 
0.1600836 0.01645891 0.1014161 0.1021628 0.4228453 0.5824345 
0.1540366 0.01538203 0.1017604 0.1019168 0.4429694 0.568899 
0.1617153 0.01607229 0.08895944 0.09267736 0.4176515 0.5845875 
0.1508736 0.01491008 0.09618066 0.09877764 0.4361396 0.5649239 
0.1498824 0.01512275 0.1007471 0.1027959 0.4498204 0.5279363 
0.1514469 0.01612667 0.09811524 0.1016605 0.4321696 0.5642529 
0.1742981 0.01730766 0.09237939 0.09573402 0.4037792 0.5772148 
0.1752964 0.01701962 0.08886578 0.09176999 0.4087837 0.6011398 
0.1525419 0.01584551 0.09059053 0.1000441 0.4516262 0.5360364 
0.1544636 0.01611363 0.09768089 0.09890565 0.4524535 0.555675 
0.1613407 0.01655542 0.09635614 0.105998 0.4022715 0.5743653 
0.1685994 0.01642942 0.09535306 0.09935394 0.4322218 0.572643 
0.1631599 0.01701658 0.0983293 0.09930286 0.4145672 0.5906953 
0.1348106 0.01447132 0.09769473 0.0986826 0.4798553 0.5338448 
0.1688798 0.01700668 0.09188591 0.09272469 0.4204653 0.5700382 
0.1470132 0.01450483 0.1044436 0.1052781 0.4474435 0.5633266 
0.1623965 0.01622049 0.09706423 0.1009635 0.4187501 0.5562721 
0.1501092 0.01538125 0.1012428 0.1048511 0.4468134 0.5639992 
0.156843 0.01506733 0.1071359 0.1081623 0.4418895 0.5388453 
0.1566859 0.01660376 0.09480967 0.09983744 0.4592439 0.5689195 
0.173929 0.0169874 0.09256306 0.09527842 0.4235079 0.5518601 
0.1563742 0.01558891 0.09568624 0.1019561 0.4172713 0.5610431 
0.1516247 0.0164046 0.09795434 0.0979641 0.4561232 0.5551193 
0.1545266 0.01592601 0.0969541 0.1009684 0.4289576 0.5507588 
0.1775411 0.01671886 0.09720886 0.09944873 0.4009198 0.586307 
0.1670099 0.01621396 0.09252727 0.0946863 0.4471351 0.5430988 
0.1483978 0.01463099 0.0973964 0.1010196 0.4568854 0.5301567 
0.1516812 0.01625526 0.0963493 0.1067526 0.4461696 0.5473722 
0.1581147 0.01540876 0.1011842 0.1041267 0.4319609 0.5773357 
0.1504893 0.01458149 0.1098345 0.1099846 0.4311203 0.5658914 
0.1507545 0.01570025 0.1025156 0.1046476 0.4567829 0.566847 
0.1675307 0.016573 0.1004666 0.1005601 0.4141789 0.5728063 
0.1509161 0.01610306 0.1025577 0.1042882 0.4644371 0.5531141 
0.1557374 0.01708174 0.09119663 0.09119846 0.4450355 0.5636303 
0.1524858 0.01518246 0.09727992 0.09755865 0.4421942 0.5360687 
0.1474928 0.01587845 0.1017325 0.102766 0.4715358 0.5225522 
0.1640604 0.01632148 0.09445872 0.09780587 0.4372296 0.5654443 
0.1558977 0.01522015 0.1031972 0.1078378 0.4635836 0.5612737 
0.1584844 0.01542017 0.09958119 0.1039591 0.4250546 0.5759125 
0.1616438 0.01661041 0.09736926 0.1003423 0.4258128 0.577129 
0.1461548 0.01540026 0.1042327 0.1104886 0.4385853 0.5447802 
0.1555919 0.01630254 0.09681434 0.09682388 0.4693317 0.5634788 
0.1529998 0.01564113 0.09695621 0.1023751 0.43291 0.5629719 
0.1630628 0.0166106 0.09353882 0.09853695 0.4451716 0.5607393 
0.147995 0.01594123 0.09907225 0.1015078 0.4628554 0.5358291 
0.1573215 0.01595353 0.09532615 0.097311 0.4449368 0.5576184 
0.1667885 0.01556666 0.1034867 0.106031 0.4499415 0.53844 
0.1554312 0.01573825 0.1026176 0.1049247 0.4244517 0.5571327 
0.1483309 0.01543402 0.1024823 0.1053839 0.4656333 0.5382965 
0.145667 0.01609803 0.09685621 0.0973663 0.4454123 0.5328651 
0.1687048 0.01687934 0.09387845 0.09439526 0.4435548 0.5611505 
0.1561827 0.01536846 0.09140689 0.09505919 0.4550452 0.5550833 
0.1489602 0.01520159 0.09589572 0.1002519 0.430429 0.5814782 
0.1477153 0.01571639 0.09471142 0.1068679 0.4393557 0.5555789 
0.1580429 0.01626278 0.09693892 0.09766007 0.4335329 0.5652873 
0.1688144 0.01608484 0.1002203 0.1008956 0.4315533 0.573015 
0.1609085 0.01663048 0.09222932 0.09311611 0.4180837 0.5782562 
0.1623171 0.01583588 0.09299053 0.09851756 0.4238288 0.5351676 
0.1505694 0.01601288 0.09596083 0.100557 0.4334808 0.5607317 
0.1524726 0.01653858 0.1007906 0.1034488 0.4360766 0.5640301 
0.1616082 0.01620899 0.09719075 0.1048353 0.4470936 0.5217841 
0.146302 0.01522482 0.09652807 0.09967074 0.4661909 0.5637497 
0.1586001 0.01645788 0.09613665 0.09639094 0.4412298 0.5666517 
0.1565858 0.0164861 0.09498876 0.09629128 0.4440038 0.5592212 
0.1579678 0.01610226 0.09905211 0.1008453 0.4540312 0.5675979 
0.1565683 0.01673198 0.09925981 0.1032867 0.4401047 0.5629849 
0.1580439 0.01655053 0.09480951 0.1017499 0.4228773 0.5480849 
0.1661408 0.01611849 0.09739068 0.09803122 0.433835 0.5849609 
0.1682745 0.01635743 0.09546854 0.0961078 0.4395297 0.5384255 
0.1617811 0.01624369 0.09352992 0.09915881 0.466117 0.5542956 
0.1576715 0.0158807 0.09686997 0.09716948 0.432636 0.5328236 
0.1710666 0.01601454 0.09569967 0.09794531 0.4293352 0.5736909 
0.1493858 0.01463722 0.1013553 0.1070495 0.4409536 0.5567888 
0.1526636 0.01519913 0.1024178 0.1024291 0.4752371 0.5381626 
0.1621079 0.01745785 0.09273735 0.0988984 0.4172757 0.5567106 
0.1638851 0.01683784 0.09865283 0.09977255 0.4371722 0.5845134 
0.1537893 0.01573918 0.1025078 0.108519 0.441662 0.5610228 
0.150923 0.01536324 0.0976051 0.09993379 0.4267469 0.5384107 
0.1517775 0.01509395 0.09778175 0.0989658 0.4519975 0.5769327 
0.1469287 0.01588194 0.1024229 0.1028908 0.4333332 0.5472606 
0.1530158 0.01460098 0.1038792 0.1057143 0.4401372 0.5757816 
0.1454213 0.01476894 0.1080002 0.1091528 0.4337626 0.5708252 
0.1432113 0.01456692 0.1094461 0.1109523 0.4446072 0.5509156 
0.1598758 0.0160227 0.09401907 0.09968365 0.436149 0.5875595 
0.1518134 0.01598773 0.1017132 0.10223 0.459214 0.5514126 
0.1536202 0.01630002 0.09542863 0.1047631 0.4374308 0.5586942 
0.1424468 0.01492281 0.1024596 0.1031154 0.4616867 0.5185385 
0.140031 0.01467179 0.1096755 0.1099089 0.4678667 0.544854 
0.1513362 0.01641226 0.09593477 0.09886085 0.4430434 0.5655739 
0.1670375 0.01658204 0.09379702 0.09456994 0.4308584 0.5592607 
0.1382039 0.01475619 0.1052014 0.1059173 0.4896506 0.5592408 
0.1496355 0.01634235 0.1004541 0.1036227 0.4363575 0.5932262 
0.1530319 0.01516543 0.09822357 0.09862351 0.4640923 0.5537014 
0.1611378 0.0161315 0.09922759 0.09965512 0.4380084 0.5595997 
0.1598801 0.01598684 0.09620712 0.09621109 0.4745832 0.5465484 
0.158074 0.01585496 0.09986232 0.1028335 0.4357132 0.568624 
0.1449421 0.01544932 0.09836103 0.09910365 0.4573994 0.5306281 
0.1560155 0.01584807 0.09972506 0.1011118 0.4465569 0.5553592 
0.1566208 0.01638923 0.09821291 0.1002437 0.4146296 0.5837047 
0.1767788 0.0163568 0.09323757 0.1000052 0.4126703 0.597532 
0.1517122 0.01570984 0.09848641 0.1060693 0.4197106 0.5454445 
0.1588344 0.01679864 0.09647858 0.0978901 0.444157 0.5597948 
0.143023 0.01440134 0.1006841 0.1038662 0.4588844 0.5334309 
0.1527392 0.01659649 0.09084825 0.09925711 0.4294932 0.5674273 
0.1473909 0.01518553 0.1005101 0.1009011 0.4748305 0.5463152 
0.1582172 0.01596547 0.09552024 0.0964779 0.441803 0.5586919 
0.1435601 0.01526566 0.1088182 0.110722 0.4440492 0.5584648 
0.149164 0.0145577 0.1072722 0.1087467 0.4584919 0.5496734 
0.1451548 0.01510115 0.09944457 0.1027794 0.4632188 0.5675068 
0.1472454 0.01533424 0.09529354 0.09616216 0.464654 0.5477318 
0.1529965 0.01655753 0.09678818 0.09762103 0.4405973 0.5403069 
0.157228 0.01629533 0.09834366 0.09942115 0.4310852 0.5657049 
0.1386796 0.01465376 0.1015531 0.1058233 0.4754558 0.5402147 
0.1439445 0.01544434 0.1001459 0.1027785 0.4525342 0.5663454 
0.1471707 0.01543043 0.1021287 0.1024747 0.4764793 0.5409775 
0.1474682 0.01608677 0.09367694 0.0977042 0.4543935 0.5245829 
0.1593944 0.01647605 0.09876208 0.1004128 0.4361734 0.5438823 
0.157984 0.01622537 0.09163654 0.09801685 0.4385597 0.5763877 
0.1659774 0.01567667 0.1017576 0.1017747 0.4387824 0.5708408 
0.1563632 0.01522809 0.09868867 0.1026218 0.4273471 0.5888034 
0.1566229 0.01587188 0.0964881 0.09820968 0.453759 0.5782313 
0.1440128 0.01519605 0.1050022 0.105925 0.4529769 0.5244285 
0.154274 0.01409883 0.1026651 0.1028645 0.465504 0.5449505 
0.161014 0.01574948 0.10052 0.1016772 0.450139 0.5671606 
0.1521785 0.01592336 0.1014684 0.1041523 0.4445664 0.5622436 
0.1664141 0.01648226 0.09678308 0.09830327 0.4338999 0.558821 
0.1593584 0.01529323 0.1063877 0.1079143 0.4529722 0.5670821 
0.1488768 0.01571844 0.09902764 0.09989372 0.4553083 0.5463409 
0.15134 0.01572555 0.09551559 0.09751201 0.4479157 0.5189745 
0.1516433 0.0158074 0.1003605 0.1032068 0.446866 0.5620662 
0.15364 0.01597154 0.09631569 0.09866826 0.4502118 0.534512 
0.148148 0.01595691 0.09797339 0.1038781 0.4674424 0.568135 
0.1695976 0.01637139 0.09909326 0.09916869 0.4125304 0.5825438 
0.1363282 0.01467614 0.1073187 0.1073583 0.4707479 0.5433396 
0.149587 0.01443572 0.1071237 0.1094559 0.4295113 0.5704393 
0.1530498 0.01593014 0.08971897 0.09313621 0.4414638 0.5518617 
0.1533927 0.01612558 0.09787994 0.09792184 0.4457636 0.5598942 
0.1598489 0.01617316 0.0981869 0.09866768 0.4378388 0.5763521 
0.1526508 0.01541309 0.100995 0.1013813 0.4176891 0.5443566 
0.1477927 0.01561458 0.09925235 0.102851 0.4505551 0.5555554 
0.1602716 0.01584642 0.1029467 0.1061483 0.434393 0.5766496 
0.1523199 0.01655774 0.091983 0.09406744 0.4082733 0.5830175 
0.1656094 0.01593954 0.09252501 0.09345171 0.4150279 0.5796779 
0.1579735 0.01498734 0.1070223 0.1081661 0.4327189 0.5579042 
0.1422231 0.01517318 0.1052111 0.1052492 0.4504319 0.5545048 
0.1556734 0.01588748 0.1016968 0.102572 0.4429302 0.5615816 
0.1510152 0.0155425 0.09565113 0.1046178 0.4331558 0.556225 
0.1464097 0.01528496 0.09960335 0.1015044 0.457114 0.5221273 
0.1497983 0.01539421 0.09763308 0.09838208 0.4325989 0.5727162 
0.1505831 0.0152157 0.0958185 0.09825581 0.4782939 0.5534091 
0.1390503 0.01526035 0.1013189 0.1019895 0.4686966 0.5204065 
0.1412682 0.01492215 0.09562765 0.1032462 0.4876157 0.5542736 
0.1581782 0.01515064 0.1073995 0.1076373 0.4356742 0.5699768 
0.1603632 0.01539441 0.0982621 0.09859833 0.4572613 0.5617545 
0.1610909 0.01608881 0.09597748 0.09761346 0.4404376 0.5599058 
0.1608982 0.01585804 0.0949185 0.09886245 0.4235974 0.5688042 
0.1619096 0.01622519 0.09681413 0.09793367 0.4515577 0.5540064 
0.1486535 0.0146719 0.1006499 0.1012082 0.4430261 0.5661501 
0.1590548 0.01618288 0.09483921 0.09735299 0.4612088 0.5512164 
0.1453066 0.01647479 0.09576088 0.1000528 0.4532968 0.548877 
0.1510317 0.016118 0.0944411 0.09784507 0.4260282 0.5702528 
0.1475532 0.01473532 0.1031444 0.1034102 0.4488068 0.5316693 
0.1550798 0.01585015 0.09478265 0.1083062 0.4409572 0.5816133 
0.1494387 0.01605268 0.09554271 0.09754653 0.4433671 0.5521812 
0.1491635 0.0155136 0.09726166 0.1026243 0.4584942 0.5147515 
0.1447542 0.01613738 0.09665921 0.1008482 0.4686961 0.556326 
0.1350604 0.01374985 0.1058309 0.1081741 0.4631186 0.5530833 
0.1424246 0.01558203 0.1001282 0.1004312 0.4439784 0.5160918 
0.1518527 0.01531519 0.09969512 0.1007255 0.4377482 0.5404877 
0.1554882 0.01626033 0.1011598 0.1025548 0.4463098 0.5658096 
0.1503547 0.01519385 0.1072358 0.1077517 0.4342726 0.5486246 
0.1346951 0.01472591 0.103318 0.1059668 0.4715677 0.5289365 
0.15908 0.01613679 0.09712607 0.1025825 0.4163467 0.5584314 
0.1547279 0.01606366 0.0974857 0.09899801 0.4455392 0.5730622 
0.1622058 0.0160883 0.1046654 0.1067215 0.4275207 0.5597653 
0.1429747 0.01487448 0.1036098 0.1046871 0.46235 0.5532443 
0.1469651 0.01549921 0.1028253 0.1044854 0.4862166 0.5472422 
0.1504151 0.01576273 0.09865318 0.1004017 0.4315619 0.5722786 
0.1465004 0.01547501 0.1037145 0.1047781 0.453354 0.5327037 
0.1558291 0.01578096 0.09605499 0.09754281 0.4735119 0.541634 
0.1577839 0.01617632 0.09390871 0.09473309 0.4269836 0.5701292 
0.158671 0.01617964 0.09798864 0.1018789 0.4438701 0.5755975 
0.1503272 0.01439827 0.1005971 0.1011362 0.485824 0.5115753 
0.1694096 0.01645546 0.09338202 0.09486477 0.4086281 0.586325 
0.1517592 0.01635602 0.098563 0.09995185 0.4326103 0.5763158 
0.1496079 0.01535474 0.1044064 0.1056213 0.4581898 0.5507247 
0.1446682 0.01536116 0.09407708 0.09524511 0.4302027 0.5841214 
0.1509974 0.01671815 0.09678986 0.104515 0.4525084 0.5785266 
0.1673006 0.01623258 0.09592669 0.0979253 0.4369247 0.5630085 
0.1469861 0.01676222 0.1001797 0.1058229 0.4307769 0.5531675 
0.1545842 0.01543313 0.1001351 0.1001366 0.4434511 0.5470683 
0.1572751 0.01600604 0.0963084 0.0972041 0.4373415 0.5689178 
0.1541761 0.0161949 0.09865936 0.09984423 0.4461458 0.5581236 
0.1555332 0.01609737 0.09512189 0.09846143 0.4259674 0.586054 
0.1471103 0.01618971 0.09634937 0.09647282 0.4234313 0.5656488 
0.1444236 0.01575232 0.09727648 0.09740651 0.4587316 0.5308779 
0.1551766 0.01549199 0.09843851 0.09864704 0.4641794 0.5274637 
0.1499481 0.01475501 0.1049637 0.1059532 0.4423631 0.5539415 
0.1491869 0.01503293 0.1056136 0.109798 0.4391755 0.545478 
0.1647519 0.01582999 0.09483085 0.09896279 0.4303734 0.5591859 
0.1562729 0.0160383 0.09616418 0.09879085 0.4308277 0.5615344 
0.1571638 0.01624595 0.09384081 0.09528327 0.4371463 0.5603157 
0.159377 0.01477324 0.1027449 0.1057649 0.4198117 0.5373702 
0.1569928 0.01570947 0.09800442 0.1068795 0.4525083 0.5581369 
0.1565564 0.01660264 0.09890798 0.09911095 0.4343141 0.5614444 
0.1482465 0.01563647 0.09826137 0.09976044 0.4690035 0.5495209 
0.1553573 0.01574824 0.09606735 0.09620056 0.4531209 0.5637456 
0.1568968 0.01580596 0.09830172 0.09925924 0.4403765 0.5626613 
0.1709932 0.01641322 0.09524405 0.09876416 0.4309663 0.567414 
0.1523885 0.01511407 0.1018164 0.1021433 0.4187058 0.5508176 
0.1494567 0.01656295 0.09412511 0.09527281 0.4282481 0.558409 
0.1511672 0.01611789 0.09299946 0.09450986 0.4473073 0.5664254 
0.1552025 0.01538801 0.09950417 0.1024353 0.4442208 0.567233 
0.1453285 0.01532997 0.09507189 0.09670372 0.4571522 0.5393458 
0.1516779 0.01530787 0.099203 0.1008806 0.4106213 0.5557054 
0.1675165 0.01686024 0.0918512 0.0956716 0.4078847 0.5606775 
0.1570257 0.01595341 0.09619066 0.09795715 0.4279993 0.5550466 
0.1420839 0.01608588 0.09731436 0.09860195 0.4496809 0.5534498 
0.1530982 0.01516421 0.1074049 0.1084391 0.4562977 0.5655381 
0.1580719 0.01567752 0.102172 0.1029338 0.4169336 0.5692422 
0.1629281 0.01614024 0.09658787 0.09876805 0.4481182 0.5599756 
0.1549635 0.01502478 0.1041296 0.1054482 0.4592413 0.5607327 
0.1572149 0.0159366 0.1014917 0.1020712 0.4340969 0.5606046 
0.1524527 0.01584326 0.09890474 0.1001133 0.4481812 0.5759764 
0.1588577 0.0154021 0.09409364 0.0957003 0.4405195 0.5684815 
0.1608547 0.01564392 0.100973 0.1013541 0.4553687 0.5445264 
0.1497236 0.01489344 0.1044267 0.1074594 0.45422 0.5693833 
0.1561668 0.01551617 0.1007387 0.1011657 0.4362614 0.5666844 
0.1391249 0.01514746 0.09819631 0.09856428 0.4455024 0.5412312 
0.1533584 0.01572759 0.09593104 0.09738289 0.4365047 0.5631143 
0.1472695 0.01561877 0.106643 0.1082754 0.4523131 0.5442586 
0.1496462 0.01570465 0.09690774 0.09971269 0.4523943 0.5412258 
0.1451108 0.01466552 0.1066682 0.1079785 0.4762021 0.5493052 
0.1559918 0.01598195 0.09401102 0.09871162 0.4459698 0.5693761 
0.1644692 0.01651256 0.09267198 0.09429189 0.4438872 0.5672222 
0.1478169 0.01566636 0.09347133 0.09733109 0.4668893 0.5333847 
0.1473661 0.01533023 0.1042787 0.1081851 0.4160093 0.5408244 
0.1634486 0.01674217 0.0947578 0.09606325 0.4399525 0.5477721 
0.1473567 0.0160354 0.09544954 0.0969879 0.4668362 0.5591797 
0.1482671 0.01556108 0.0953661 0.09583629 0.4324935 0.5491302 
0.1654515 0.01702572 0.09277934 0.09382967 0.4333353 0.5785867 
0.1484163 0.0160302 0.09722237 0.09909865 0.4446828 0.5453579 
0.1457321 0.01472103 0.1022419 0.1067249 0.4500432 0.5701143 
0.1649077 0.01684986 0.09871831 0.1002804 0.4472085 0.564196 
0.1450137 0.01546071 0.09815413 0.1011924 0.4521435 0.5174394 
0.1549514 0.01638865 0.09746544 0.09953045 0.4228189 0.5435467 
0.1552449 0.01606413 0.100256 0.1005454 0.4267423 0.5744741 
0.1566423 0.01670754 0.09346091 0.1027088 0.4542772 0.5833161 
0.1723523 0.01609016 0.09355969 0.0946412 0.4196083 0.5888184 
0.1517822 0.01640997 0.09618583 0.09943098 0.4768624 0.5832425 
0.1476278 0.01521818 0.104957 0.1090596 0.4621128 0.5495591 
0.1460409 0.01576685 0.1058086 0.1075432 0.4851863 0.5587814 
0.155353 0.01572164 0.1010784 0.1018569 0.440192 0.5514525 
0.168473 0.01619406 0.08997451 0.09083641 0.4332946 0.5294808 
0.1509358 0.01543075 0.09421246 0.09463382 0.458138 0.5391265 
0.1544883 0.01619787 0.09663641 0.09685659 0.4452453 0.5448114 
0.160085 0.01672808 0.09980082 0.1011775 0.4183695 0.561502 
0.1538608 0.01601906 0.09552489 0.1013192 0.4306811 0.5554013 
0.1552807 0.01520171 0.09665557 0.1005399 0.4476316 0.5681772 
0.1550247 0.0153657 0.09961287 0.1007871 0.4459379 0.540864 
0.1512636 0.01616595 0.09935451 0.104255 0.4237987 0.5499648 
0.1507492 0.01530321 0.09795627 0.106797 0.4492321 0.5485322 
0.1577252 0.01563042 0.1001057 0.1030548 0.4383419 0.5637033 
0.1651006 0.01643049 0.0947195 0.09701645 0.4399501 0.5753808 
0.1502639 0.01483138 0.09811741 0.1012966 0.4246887 0.5462704 
0.1524594 0.01538074 0.09930808 0.09965512 0.4469686 0.5664105 
0.1519905 0.01680311 0.09188762 0.09363512 0.4283831 0.5487828 
0.1601121 0.01571815 0.09904402 0.1009485 0.4308281 0.5848334 
0.1511149 0.01528415 0.09599812 0.09698713 0.4461577 0.5729057 
0.1606336 0.01608016 0.1005078 0.100674 0.4387652 0.5534906 
0.1453097 0.01565428 0.09783736 0.0985966 0.4660195 0.552094 
0.1608784 0.01638105 0.09795222 0.1026074 0.4389129 0.5560209 
0.1459974 0.01579971 0.09669865 0.09880401 0.4611917 0.5560611 
0.1525257 0.01617932 0.09107489 0.09337941 0.4566986 0.5606624 
0.1652213 0.01603965 0.0959104 0.09844607 0.4200411 0.5818044 
0.1402488 0.01499372 0.1037585 0.1046545 0.4462469 0.5299024 
0.1600386 0.01554625 0.09680465 0.1003367 0.4219866 0.5803659 
0.1541602 0.01611737 0.09794511 0.09804977 0.4493352 0.5652477 
0.153412 0.01666937 0.09676432 0.1040271 0.4433894 0.5725666 
0.1472974 0.01670744 0.0946996 0.09686555 0.4568142 0.5697331 
0.1535493 0.01580334 0.09962759 0.09978197 0.4248355 0.5431106 
0.1630152 0.01568097 0.09456656 0.09612451 0.4263294 0.5694075 
0.1424537 0.01620844 0.09668606 0.1026161 0.4321886 0.5524782 
0.1493799 0.01536348 0.09866476 0.09938855 0.4594794 0.5684863 
0.1424626 0.01596587 0.09800515 0.09903472 0.4755188 0.5539891 
0.1602067 0.01559613 0.100481 0.1041358 0.4267854 0.5700769 
0.1426036 0.01672982 0.09807271 0.1018959 0.4162988 0.55828 
0.1468156 0.01560637 0.1035305 0.106156 0.4551448 0.5450305 
0.1574198 0.01595031 0.09610664 0.09847946 0.4241294 0.5674197 
0.1528947 0.01563648 0.1018389 0.1049831 0.4602764 0.5711057 
0.1658185 0.01582405 0.09390881 0.09481171 0.4280865 0.6034441 
0.1608992 0.01618163 0.09454417 0.09481006 0.4340232 0.573634 
0.158598 0.01600447 0.0992206 0.1007623 0.471223 0.5461399 
0.154492 0.01566174 0.09994461 0.1008058 0.4288857 0.5816615 
0.1575643 0.01546135 0.1010663 0.1050961 0.4560936 0.5732093 
0.1486771 0.01567575 0.09079855 0.09280991 0.4839518 0.5424962 
0.1483349 0.01482967 0.09875618 0.09920602 0.451494 0.5508539 
0.1475524 0.01596897 0.09331471 0.1070333 0.4538809 0.5062074 
0.1548123 0.01562666 0.1015724 0.1021153 0.4228267 0.5567397 
0.1569627 0.01530166 0.1018114 0.1037693 0.4457763 0.5748261 
0.1512447 0.01533837 0.09457245 0.09536774 0.4509836 0.5458962 
0.1612869 0.01618278 0.09700516 0.09936824 0.4260883 0.5769609 
0.1683388 0.01664499 0.08627363 0.08943422 0.4088276 0.5640472 
0.1570053 0.01600767 0.09525004 0.09930506 0.4401335 0.561769 
0.1673219 0.01687713 0.09061842 0.0909343 0.448872 0.5734106 
0.1701936 0.01647021 0.09011886 0.09094734 0.4398515 0.5772475 
0.1457537 0.01536103 0.1017737 0.1023161 0.4820836 0.5405362 
0.1433974 0.0159836 0.09616496 0.09874446 0.4620531 0.5392305 
0.1496649 0.0163809 0.09633712 0.0995123 0.4231 0.5751839 
0.1573797 0.01601255 0.09536373 0.1039116 0.4552749 0.5453166 
0.1631552 0.01604912 0.0975752 0.1052741 0.4380606 0.5826894 
0.1524926 0.01562643 0.09596165 0.09606206 0.4256165 0.5707371 
0.1542584 0.01649071 0.09414297 0.09931099 0.4520849 0.5386813 
0.1727278 0.01681611 0.09140639 0.09592271 0.4086893 0.5815214 
0.1534274 0.01612323 0.09698998 0.09700486 0.4553756 0.5356136 
0.1685953 0.01579266 0.1038524 0.1044887 0.4190853 0.5736138 
0.1667543 0.01652528 0.09709058 0.1011754 0.4488944 0.6065176 
0.1636938 0.01679077 0.09279709 0.09476015 0.4247083 0.575888 
0.1606999 0.01669506 0.09059865 0.09135932 0.4275288 0.5525591 
0.1661658 0.01587314 0.09869682 0.102091 0.4125446 0.5730758 
0.1619576 0.01629394 0.09451312 0.1016699 0.4363287 0.5833373 
0.1643564 0.01613081 0.09623887 0.09809829 0.3940591 0.614981 
0.1589985 0.01615987 0.09336033 0.09604764 0.4279429 0.5397411 
0.1501263 0.01609845 0.08977038 0.09442879 0.4591683 0.5454025 
0.1648864 0.01682373 0.08718347 0.09253976 0.4206609 0.5518443 
0.1504329 0.01554547 0.09811834 0.09947948 0.45733 0.5404996 
0.1572359 0.01580598 0.09504746 0.09849108 0.4349589 0.5684361 
0.1602046 0.01551639 0.09972386 0.1012079 0.4416827 0.5579221 
0.1608863 0.01651597 0.09718937 0.09996166 0.4246677 0.5689536 
0.1585164 0.01547662 0.09419847 0.09832902 0.4555903 0.581224 
0.158721 0.01575702 0.09339805 0.09598962 0.4544904 0.5738028 
0.1607622 0.01607931 0.09930612 0.1000317 0.4324695 0.5741401 
0.1571253 0.01684598 0.09762806 0.09785364 0.4417713 0.5696748 
0.1619148 0.0157122 0.09695284 0.09768429 0.4202792 0.5924217 
0.1686331 0.01553907 0.1035403 0.1045104 0.4587626 0.5647519 
0.1504898 0.01570163 0.09642831 0.09652515 0.4463926 0.54757 
0.1549092 0.01658758 0.09566963 0.09843129 0.4237242 0.5700751 
0.1599471 0.01647503 0.09384435 0.09447157 0.422609 0.5411197 
0.1675996 0.01694783 0.09713628 0.1013017 0.4260765 0.5780196 
0.164857 0.01630987 0.09632953 0.1049853 0.3971719 0.564248 
0.157802 0.01637818 0.09271687 0.09794621 0.4518644 0.5712864 
0.1593476 0.01611626 0.09666351 0.09802545 0.4301761 0.5356025 
0.1569602 0.01557403 0.09966187 0.09993547 0.447611 0.5695759 
0.1466786 0.01557141 0.09939305 0.1012524 0.4440638 0.5604994 
0.1464493 0.01455359 0.1032035 0.1069188 0.4585104 0.5309375 
0.154286 0.01658692 0.0964276 0.09971859 0.4261483 0.570932 
0.1506274 0.01598673 0.09489183 0.09656067 0.4499984 0.5487036 
0.1338124 0.01589323 0.09794441 0.1034176 0.4493404 0.5284182 
0.1563458 0.0161467 0.09540605 0.1029024 0.4600468 0.5336258 
0.1426241 0.01632751 0.09174896 0.09858144 0.4510715 0.5401441 
0.1498306 0.01578497 0.09994748 0.1041613 0.4400611 0.5475116 
0.1523524 0.01483649 0.107271 0.1086877 0.442455 0.5616301 
0.1593243 0.01653751 0.09854657 0.09891569 0.4529891 0.5488535 
0.1461015 0.01413544 0.1095122 0.1110715 0.4611028 0.5725678 
0.1587193 0.01602961 0.09806753 0.100254 0.4568171 0.578756 
0.1625564 0.0164585 0.09302793 0.09647991 0.4439465 0.5847857 
0.1518844 0.01532175 0.09566017 0.09651611 0.4573028 0.5481759 
0.152906 0.01494562 0.09935886 0.09975275 0.4794084 0.5506233 
0.1447319 0.01520126 0.1055164 0.1091174 0.446827 0.5571524 
0.1363203 0.01605033 0.1026358 0.1055912 0.4763521 0.5401715 
0.1463821 0.0157267 0.09988191 0.1024534 0.4502093 0.5494715 
0.1581634 0.0165526 0.09616234 0.09835284 0.4368069 0.5880426 
0.1667782 0.01562556 0.1039965 0.1056051 0.4109296 0.581019 
0.1482787 0.01590867 0.09687313 0.09932028 0.4463599 0.5379108 
0.1486068 0.01518003 0.1005005 0.1041854 0.4510192 0.565956 
0.1476749 0.01548917 0.09552109 0.09640906 0.4492324 0.5441178 
0.1633943 0.01589295 0.1005522 0.1058111 0.4146843 0.5635701 
0.1492416 0.01564247 0.1032024 0.1040125 0.4623538 0.5341003 
0.1588014 0.01627166 0.1010268 0.1031268 0.4332713 0.5863733 
0.1562187 0.01704262 0.08915796 0.09593631 0.4412993 0.5662153 
0.1471043 0.01527876 0.09022977 0.0902629 0.4550001 0.5420064 
0.1571192 0.01719592 0.0917745 0.09530327 0.4537532 0.5665853 
0.1569458 0.01693327 0.09651555 0.09914011 0.4268768 0.5538922 
0.1514624 0.01653375 0.1005499 0.1024029 0.4448881 0.5738314 
0.1480464 0.01526653 0.09881888 0.1015503 0.4706363 0.5412595 
0.1464528 0.01517953 0.1017439 0.1035997 0.4709661 0.5295704 
0.1509294 0.01585041 0.1021737 0.1024326 0.454011 0.5560232 
0.1609438 0.0163052 0.09688662 0.09846881 0.4509491 0.5368697 
0.1465454 0.01535388 0.09723333 0.09854201 0.4533937 0.5346036 
0.1520144 0.01534619 0.1061643 0.1087089 0.4327035 0.5649466 
0.1500513 0.01530215 0.103366 0.1038482 0.4407887 0.5416574 
0.1494643 0.01479856 0.1022881 0.1023652 0.4407019 0.5652691 
0.1529571 0.01585966 0.1044933 0.1063868 0.4422183 0.5414548 
0.1633264 0.01538621 0.1002654 0.1005521 0.4380438 0.5886805 
0.1511184 0.01663105 0.0990164 0.1015119 0.4292275 0.5659178 
0.1591388 0.01700172 0.09329422 0.09532277 0.4153124 0.5876611 
0.1723748 0.01691155 0.0941362 0.1010682 0.4361629 0.575441 
0.1627571 0.01673753 0.0980719 0.09869288 0.455788 0.5503802 
0.1443553 0.01620504 0.0927544 0.1022026 0.4698437 0.5323439 
0.1599307 0.01642172 0.09573811 0.09828721 0.4429985 0.5626422 
0.1582235 0.01598693 0.09572415 0.09658538 0.4394223 0.5524833 
0.156374 0.01677306 0.09479422 0.09485486 0.4537769 0.5520895 
0.1564681 0.01623486 0.09535706 0.09802192 0.4456794 0.5701657 
0.1751443 0.01707158 0.1008033 0.1016333 0.4153381 0.5907606 
0.1660796 0.01616943 0.09449929 0.09771556 0.4412022 0.5692416 
0.1516428 0.01542579 0.09714279 0.09847871 0.4570004 0.545285 
0.1655656 0.01670414 0.09869568 0.09901172 0.4305472 0.5733968 
0.1590302 0.01607017 0.1007827 0.1025234 0.4424046 0.5469213 
0.159805 0.01644511 0.0979725 0.0981638 0.4403559 0.5792705 
0.1586277 0.0166207 0.09060357 0.09475595 0.4301591 0.5444641 
0.149529 0.01504951 0.09657299 0.09981514 0.4526523 0.5570614 
0.153304 0.01485472 0.101997 0.1022094 0.4477455 0.5527103 
0.1550509 0.0158568 0.1004545 0.1039138 0.4488718 0.5672224 
0.1534844 0.01693996 0.09178375 0.1054464 0.4494645 0.5461917 
0.16202 0.0157318 0.09677698 0.09765429 0.4476409 0.5431887 
0.1609935 0.01693065 0.09324552 0.09631019 0.4211707 0.5826276 
0.1550386 0.01556571 0.1026502 0.1026517 0.4514252 0.5713517 
0.1455906 0.01597692 0.09951846 0.1003015 0.4836979 0.562294 
0.1469125 0.01571283 0.09997095 0.1017631 0.4324897 0.5468007 
0.1475412 0.0159231 0.1001255 0.1016415 0.4643072 0.5565901 
0.1700101 0.01596231 0.09461942 0.101513 0.4368393 0.5830518 
0.1466994 0.01585754 0.1029959 0.1095199 0.4429134 0.5863195 
0.1453673 0.01487008 0.1046785 0.1055389 0.4499581 0.5335131 
0.1517863 0.01575134 0.1000428 0.1018696 0.4558036 0.5567514 
0.1665261 0.01669445 0.09741541 0.09926967 0.3986987 0.576908 
0.1557873 0.01574516 0.09572592 0.1002903 0.4490628 0.5339125 
0.1533073 0.0155922 0.09310467 0.0960452 0.468568 0.5368257 
0.1484983 0.01467291 0.1011729 0.1034746 0.4349339 0.5676328 
0.1625291 0.01529387 0.1021934 0.1103985 0.4454142 0.5524337 
0.1615155 0.016161 0.09319092 0.0953359 0.4407728 0.539682 
0.1576529 0.01567016 0.09688477 0.09747872 0.4379116 0.5750778 
0.1542244 0.01640077 0.09421813 0.09490271 0.436867 0.5652739 
0.1468184 0.01586192 0.0956449 0.1006265 0.4713037 0.5615319 
0.1511125 0.01624122 0.09857914 0.108723 0.4395752 0.5656679 
0.1520375 0.01444823 0.1007513 0.1013485 0.4746946 0.5385057 
0.1519413 0.01541598 0.08937902 0.09803726 0.4606245 0.5385774 
0.1740756 0.01683605 0.09292695 0.09502444 0.4073129 0.6123558 
0.1488621 0.01593416 0.09205899 0.09284501 0.4702159 0.5608361 
0.1496533 0.01604818 0.09718162 0.0981966 0.4374534 0.5770891 
0.1483179 0.01431874 0.1012608 0.1040877 0.4479703 0.5582542 
0.1578484 0.01573957 0.09772392 0.09972483 0.4408697 0.5787998 
0.1455135 0.01575087 0.09767027 0.09811661 0.4467135 0.5317674 
0.1660332 0.01684557 0.09394728 0.0961356 0.4177668 0.5701811 
0.152746 0.01581159 0.0981844 0.09994258 0.41905 0.5230353 
0.1560268 0.01597564 0.09677103 0.09892861 0.4372815 0.5732391 
0.1629755 0.01539196 0.1052378 0.1073066 0.4358093 0.5775604 
0.1717182 0.01686122 0.09845868 0.1010586 0.4232074 0.5621425 
0.15081 0.01554455 0.09964976 0.1017554 0.4634976 0.5472685 
0.1552629 0.01520719 0.09830495 0.09938685 0.4614986 0.5284187 
0.1531271 0.01586378 0.09991975 0.100326 0.4331993 0.5482253 
0.1530118 0.01495507 0.09833813 0.1058288 0.4397448 0.5815734 
0.1608748 0.01648316 0.09627346 0.09903178 0.4332981 0.558608 
0.156298 0.01567266 0.1043705 0.1063016 0.4470015 0.5585027 
0.1563324 0.01515356 0.1000829 0.1016394 0.4219052 0.5567113 
0.1483326 0.01543965 0.1025553 0.1032559 0.4388576 0.5527638 
0.1462382 0.01607456 0.1018826 0.1053717 0.4557484 0.5473478 
0.1536215 0.01631593 0.094438 0.1000132 0.4371278 0.5491384 
0.1467094 0.01604311 0.09704191 0.09819709 0.4714754 0.547673 
0.1427033 0.01503414 0.1039224 0.1068453 0.4768044 0.5203533 
0.1714719 0.01627656 0.09775112 0.1004238 0.4351606 0.578442 
0.1585631 0.01708576 0.09453915 0.09637468 0.4450954 0.6023032 
0.1540924 0.01620495 0.09888825 0.0991323 0.4391398 0.5748082 
0.1524969 0.01543972 0.1041505 0.1056401 0.4529292 0.5574318 
0.1535784 0.01637141 0.09490929 0.09606528 0.4464346 0.5523089 
0.1584139 0.01570381 0.09495752 0.09608711 0.4406965 0.5489511 
0.1569242 0.01657298 0.09874019 0.09963386 0.4398881 0.5506269 
0.1554221 0.01589355 0.0917105 0.09243145 0.4610005 0.5576752 
0.1768038 0.01674286 0.09032145 0.09084667 0.4199273 0.5775416 
0.1752321 0.01717802 0.09686799 0.09765808 0.4007697 0.5877075 
0.141012 0.01518745 0.1057493 0.1081844 0.4700743 0.5400126 
0.1434009 0.0147059 0.1098004 0.1102954 0.4660188 0.5529116 
0.1470351 0.01563146 0.1019126 0.1046854 0.4541336 0.554276 
0.1433164 0.01528279 0.1002613 0.1032496 0.4398186 0.5285396 
0.1487055 0.01510801 0.09880326 0.09894869 0.4384632 0.5374371 
0.1521307 0.01586393 0.09715132 0.09875023 0.4344632 0.575514 
0.1567159 0.0160749 0.1010457 0.10281 0.4266936 0.5570867 
0.1619069 0.01604394 0.1054087 0.1074426 0.4550976 0.5704223 
0.1482374 0.01542952 0.09900207 0.105226 0.458822 0.5436618 
0.1548819 0.01516867 0.1011985 0.1014045 0.4303459 0.5178825 
0.1607191 0.01681675 0.09782115 0.09987695 0.4379469 0.5665312 
0.1562818 0.01608324 0.09355402 0.09578982 0.4442964 0.5371188 
0.1586537 0.01680821 0.09033815 0.09383541 0.4402835 0.5702541 
0.154299 0.01627526 0.09448604 0.09461337 0.4236184 0.5556584 
0.1536811 0.01635789 0.09404804 0.1005885 0.4400131 0.5634866 
0.1667208 0.01655937 0.09371474 0.09877666 0.4192458 0.5765661 
0.1591265 0.01590888 0.09658322 0.09691405 0.4208585 0.5863297 
0.1551782 0.01657543 0.09407228 0.1060627 0.4768125 0.5548771 
0.1444671 0.01516818 0.1024882 0.1028474 0.4390856 0.5498217 
0.164411 0.01642667 0.09780162 0.09807001 0.4214982 0.584281 
0.1556127 0.01658082 0.09244415 0.09508491 0.4375457 0.5532137 
0.1539356 0.01667311 0.09523306 0.09552582 0.4477169 0.5774261 
0.150388 0.01633147 0.09608249 0.1029602 0.4137347 0.5533966 
0.1407721 0.01499103 0.1043395 0.1121847 0.4614991 0.5454399 
0.1583944 0.01577249 0.1017797 0.1028258 0.4324228 0.5518677 
0.164344 0.01643767 0.09535909 0.0983125 0.4593469 0.5680566 
0.1605976 0.0158841 0.1026715 0.1082961 0.4523618 0.5803473 
0.1629144 0.0156133 0.1007179 0.1048944 0.3909126 0.5754574 
0.163866 0.0159809 0.09802417 0.1000631 0.4399031 0.5551897 
0.1521903 0.0155889 0.1076573 0.10842 0.4416032 0.5507236 
0.1683895 0.01764843 0.09361392 0.09421215 0.3928539 0.5931009 
0.1622425 0.01666549 0.09864182 0.09914022 0.409956 0.5515983 
0.1608302 0.01585056 0.09766517 0.09972216 0.4295696 0.5523058 
0.1476887 0.01545426 0.1008631 0.1015803 0.4608201 0.5630463 
0.1537669 0.01590194 0.09581109 0.09614566 0.4606159 0.5463252 
0.161997 0.01636446 0.09748 0.09931867 0.4606477 0.5526221 
0.1525912 0.01602857 0.08755169 0.08801003 0.4391838 0.5793558 
0.161305 0.01514961 0.09989088 0.1011172 0.4316855 0.5755359 
0.1523719 0.01615675 0.0951217 0.1015034 0.4416328 0.5657612 
0.1639778 0.01683902 0.09320902 0.09579884 0.4358148 0.5658817 
0.1627144 0.01680062 0.09268133 0.09298039 0.4216994 0.5525378 
0.1525195 0.01597515 0.1032376 0.1038867 0.4421043 0.5506055 
0.1609552 0.01655332 0.09874119 0.09959102 0.446489 0.589391 
0.1433385 0.01492112 0.1039933 0.1057517 0.4503204 0.5467177 
0.1556565 0.0157987 0.100955 0.1038019 0.447611 0.543302 
0.1418826 0.01557466 0.1059326 0.1065826 0.4672303 0.5482144 
0.1626051 0.01670087 0.09468094 0.09561789 0.4443376 0.5672659 
0.1428634 0.01450912 0.1046023 0.1054618 0.4556565 0.5400912 
0.1594834 0.01631412 0.0979021 0.09931649 0.422596 0.570831 
0.1473715 0.0153902 0.09702997 0.0973914 0.4607806 0.5464521 
0.1586884 0.01530017 0.09950877 0.09959046 0.452833 0.534143 
0.144554 0.01518156 0.09616158 0.09666378 0.4376447 0.5480969 
0.1528697 0.01612446 0.105173 0.1070031 0.4481127 0.5609371 
0.1619488 0.01591446 0.09614379 0.09874192 0.4430636 0.5728746 
0.1382714 0.01493471 0.1004261 0.1039084 0.4600382 0.5325501 
0.1610051 0.01759834 0.09638284 0.09742846 0.4102519 0.5759232 
0.1577503 0.01567458 0.1017319 0.1030018 0.4639222 0.5613108 
0.1473838 0.01565187 0.09528852 0.0954643 0.4552413 0.5365315 
0.1567239 0.01516808 0.1037081 0.1053389 0.4332669 0.5550514 
0.1392721 0.01587973 0.1017907 0.1023963 0.4529983 0.5296728 
0.1354504 0.01488137 0.1041705 0.1048237 0.4523426 0.5278465 
0.1551548 0.01619189 0.09864783 0.09950245 0.4248942 0.5919682 
0.1495489 0.0159308 0.09762651 0.09804696 0.4442266 0.5352658 
0.1563369 0.01610477 0.09697677 0.1043921 0.4416559 0.559277 
0.1567482 0.01568904 0.09982443 0.1028628 0.4440315 0.5764358 
0.1536079 0.01638766 0.09374299 0.09409047 0.4316409 0.5624439 
0.1671614 0.01685494 0.09707023 0.0994235 0.4295125 0.5650231 
0.1580085 0.01602768 0.09729284 0.09988464 0.4257701 0.5479282 
0.1611552 0.01499684 0.100274 0.1009836 0.4287851 0.5805066 
0.166667 0.01701826 0.09096986 0.09259089 0.447901 0.5601885 
0.1532477 0.0143026 0.0974692 0.09790565 0.463668 0.5463881 
0.1756138 0.01716978 0.09414127 0.09421463 0.4176078 0.5742218 
0.1547182 0.01573142 0.1009432 0.1019259 0.4426679 0.5455679 
0.1382192 0.01588731 0.1023645 0.1069934 0.4559493 0.5483553 
0.1681077 0.01667332 0.09614843 0.09709771 0.406103 0.591143 
0.1573497 0.01608275 0.09966309 0.100632 0.4330349 0.5760858 
0.1503313 0.01499976 0.1000992 0.100785 0.4568206 0.5575563 
0.1530576 0.01646753 0.09377263 0.09436576 0.4577654 0.551997 
0.1543425 0.01589395 0.09852918 0.1002507 0.4233926 0.5466999 
0.1636283 0.01636236 0.1003305 0.1045942 0.4113582 0.5641122 
0.1596464 0.01570717 0.09982984 0.1003333 0.4038128 0.5719944 
0.1643176 0.01626242 0.09831452 0.09862473 0.4430935 0.560378 
0.1655666 0.01698917 0.09444888 0.09475168 0.4313959 0.5957383 
0.1749826 0.01647836 0.09751884 0.09808353 0.4157731 0.5879769 
0.1568808 0.01609825 0.1027079 0.1028751 0.4249488 0.5668587 
0.1471346 0.01579466 0.1031632 0.103666 0.4857392 0.5413863 
0.1576373 0.01669812 0.09266269 0.09365897 0.4464647 0.5610927 
0.1473792 0.01598973 0.100284 0.1017041 0.4596587 0.5434564 
0.1630777 0.01551519 0.09565944 0.09719237 0.4547593 0.5611709 
0.159411 0.01608719 0.09976164 0.1003238 0.4300236 0.5677507 
0.1546895 0.01628185 0.09803593 0.09824805 0.4601295 0.5493311 
0.1422286 0.0145297 0.1011082 0.1024557 0.4611773 0.5380485 
0.1500881 0.01545031 0.1005388 0.1026932 0.4590956 0.5474181 
0.1708903 0.01625316 0.09642466 0.0964496 0.4512414 0.5451609 
0.1509834 0.0167553 0.09731884 0.09944437 0.4480524 0.5622097 
0.1484924 0.01525612 0.1004471 0.1028252 0.4547359 0.5662146 
0.1528446 0.01517589 0.09903811 0.1018563 0.4357092 0.5495099 
0.156159 0.01666399 0.09512466 0.09695456 0.4421154 0.5713402 
0.1596696 0.01620784 0.09543356 0.09767338 0.4354906 0.5611427 
0.1482361 0.01623516 0.09253266 0.10064 0.4596629 0.5438448 
0.1440225 0.01583321 0.099146 0.09918232 0.4399148 0.5508256 
0.1555372 0.01562079 0.1020469 0.1029561 0.4612688 0.5676361 
0.1551886 0.01654612 0.09285511 0.09323362 0.422314 0.569063 
0.1586412 0.01694993 0.09488975 0.09574235 0.4383584 0.5963539 
0.1518887 0.01610145 0.09771648 0.09793949 0.433166 0.5439894 
0.1619984 0.01540822 0.09653799 0.099254 0.4419051 0.5863046 
0.149995 0.01648135 0.09948096 0.1018761 0.4404087 0.5505449 
0.1655935 0.01666631 0.09356031 0.09375139 0.4338494 0.5787353 
0.156057 0.01572305 0.09618682 0.09876135 0.4166803 0.5697243 
0.159124 0.015302 0.1059994 0.1075538 0.4168035 0.5683704 
0.1565452 0.01530686 0.09890997 0.1000031 0.4409425 0.5540247 
0.1545588 0.01624783 0.1001183 0.1024904 0.4256799 0.59049 
0.1649631 0.01663244 0.09320314 0.09572113 0.4555779 0.5896261 
0.1545712 0.01611692 0.09937699 0.09955222 0.4622693 0.5550268 
0.1464077 0.0156687 0.09577384 0.09814222 0.4559188 0.5565344 
0.1665277 0.0163689 0.09098221 0.09267629 0.4205824 0.5574068 
0.1486578 0.0153243 0.1061403 0.107809 0.4365469 0.5394029 
0.1575958 0.01628543 0.08991441 0.09300019 0.4299122 0.5834815 
0.1705718 0.01616416 0.09261813 0.09510858 0.4334892 0.5592311 
0.1700944 0.01665707 0.09700777 0.0977195 0.4556442 0.5498319 
0.164425 0.01645721 0.09516886 0.09602306 0.4000417 0.5680546 
0.1555112 0.01535187 0.09457277 0.09501895 0.4703179 0.5688564 
0.1526904 0.01480414 0.1072026 0.108022 0.4583608 0.5744818 
0.1558671 0.01584042 0.1003349 0.1028354 0.4215656 0.5450775 
0.1539689 0.01637076 0.09821554 0.1003036 0.4511066 0.5575546 
0.1590304 0.01563263 0.09551717 0.09617756 0.4366967 0.5549534 
0.1386957 0.01466036 0.09966823 0.1038696 0.467287 0.538679 
0.145147 0.01578208 0.1003803 0.1019248 0.439872 0.5517924 
0.1483647 0.01512619 0.09681752 0.1001649 0.4587212 0.5495407 
0.1407447 0.0151395 0.09267115 0.09912526 0.4462996 0.525463 
0.1585091 0.01657097 0.09278667 0.09374318 0.4276901 0.5401055 
0.1505479 0.01499275 0.1020127 0.102323 0.4533481 0.5563306 
0.153532 0.01591978 0.09852022 0.09869382 0.4558633 0.5793567 
0.1389036 0.01533055 0.09846676 0.1039501 0.4753499 0.5149651 
0.1407037 0.01456116 0.1051477 0.106351 0.4583212 0.5254812 
0.1525114 0.01557751 0.1054409 0.1069542 0.447286 0.5654782 
0.163641 0.01719058 0.09282538 0.0952292 0.448475 0.5552718 
0.1475732 0.01492949 0.1001743 0.1009299 0.4522252 0.5489794 
0.1610135 0.0161045 0.09242267 0.09670675 0.4329962 0.5879368 
0.1631072 0.01591302 0.09882618 0.1005621 0.436754 0.553962 
0.1491997 0.01569419 0.09310696 0.1012595 0.458221 0.5559852 
0.1649972 0.01585732 0.09585973 0.09603455 0.4233039 0.5636264 
0.1742201 0.01672736 0.0981799 0.1026206 0.4210978 0.5885664 
0.1525992 0.0154476 0.09921987 0.09922002 0.4095137 0.566155 
0.1614888 0.01633509 0.09745264 0.09755751 0.4202211 0.560359 
0.1591629 0.01629695 0.09095545 0.09597609 0.4325426 0.5667116 
0.1492042 0.01600864 0.09946314 0.1010759 0.4640211 0.5491056 
0.1381482 0.01436106 0.0942487 0.09438202 0.4891354 0.5246553 
0.1441011 0.01586685 0.09579248 0.09668754 0.4652545 0.5247883 
0.1562953 0.01590546 0.100077 0.1002966 0.4264393 0.5946774 
0.1571554 0.01559211 0.09801121 0.09895753 0.4128366 0.5385828 
0.1573765 0.015231 0.1024146 0.1030755 0.4438018 0.579279 
0.1476748 0.01596985 0.09386168 0.09440788 0.4493516 0.5256583 
0.1533512 0.01622403 0.09474774 0.09613159 0.4262906 0.5763723 
0.1501902 0.01634263 0.09196516 0.09556253 0.4343288 0.5671073 
0.161553 0.01627976 0.09668577 0.09913917 0.4274812 0.5673488 
0.148606 0.01485588 0.09821295 0.1002851 0.4322396 0.5464308 
0.1557235 0.01563052 0.1036869 0.1038213 0.4600277 0.5854912 
0.1642031 0.01601837 0.0994324 0.1001154 0.4439225 0.5772071 
0.1653674 0.01618892 0.08818811 0.08842447 0.4411953 0.5539415 
0.162534 0.01626038 0.09233814 0.0987726 0.4421338 0.5657212 
0.1544607 0.01563976 0.09836694 0.09983231 0.4456737 0.5301188 
0.1335657 0.01492337 0.09999378 0.1003934 0.4605076 0.5390067 
0.1467045 0.01639043 0.09890257 0.1024627 0.4538689 0.5641359 
0.1594476 0.01618726 0.09397168 0.09533239 0.4194059 0.5456763 
0.155534 0.01551733 0.0961857 0.0965677 0.4330554 0.5543388 
0.1619477 0.01556024 0.1036431 0.1040529 0.4124394 0.5652995 
0.157267 0.01649279 0.09653702 0.1015716 0.4342851 0.5425781 
0.1511719 0.01628246 0.1024338 0.1048497 0.4497564 0.5700489 
0.1568694 0.01602936 0.1001183 0.1009458 0.4318557 0.576694 
0.165513 0.01603221 0.09886586 0.09927374 0.4387557 0.5870232 
0.153668 0.01678522 0.09306651 0.09373357 0.4442857 0.569514 
0.1546331 0.0154652 0.1039773 0.104662 0.4487118 0.5608144 
0.15557 0.0162606 0.09284404 0.09356343 0.4478964 0.5552523 
0.1517928 0.0153777 0.0937982 0.09525089 0.4694821 0.5524973 
0.1567025 0.01628265 0.09601096 0.09837218 0.439075 0.5566573 
0.1488503 0.0162922 0.09821312 0.1004814 0.4411694 0.5852543 
0.175019 0.01645604 0.09803832 0.09889881 0.4177521 0.5890129 
0.1555976 0.01648248 0.09685178 0.09721079 0.4176388 0.5695129 
0.1537655 0.01524531 0.1013999 0.1021999 0.4652578 0.5650608 
0.1522402 0.01656081 0.092133 0.09601976 0.4366374 0.5388319 
0.1574392 0.01506432 0.1023909 0.1032968 0.4482772 0.5582588 
0.1495224 0.01525651 0.1047352 0.1064653 0.4630966 0.542051 
0.14868 0.01585082 0.1003294 0.1005221 0.431559 0.5298429 
0.1634122 0.01582066 0.09588647 0.1090524 0.4421693 0.5712147 
0.1527611 0.01582734 0.09336207 0.09377771 0.451946 0.5552425 
0.1453034 0.01559046 0.1014603 0.10246 0.433863 0.5347812 
0.1565453 0.01595212 0.09863468 0.1016577 0.4324605 0.5550868 
0.160973 0.01704533 0.0939822 0.1019371 0.424956 0.5800178 
0.1526869 0.01590078 0.09316614 0.09320586 0.4274357 0.5219228 
0.1525191 0.01614804 0.09740401 0.09771684 0.4424917 0.5561499 
0.1519253 0.01632249 0.09566224 0.09930903 0.437956 0.576272 
0.1378347 0.01542243 0.1078475 0.1079124 0.4582951 0.5291592 
0.1645076 0.01567331 0.09733868 0.1007501 0.4065788 0.5501891 
0.1512852 0.01585687 0.08972591 0.08999569 0.4473911 0.5829121 
0.1490508 0.01519589 0.1045033 0.1064957 0.426505 0.5487563 
0.157202 0.01529723 0.1008024 0.1009066 0.4493446 0.5664247 
0.1435201 0.01512568 0.1065241 0.1083532 0.4596136 0.5579461 
0.1430657 0.01524487 0.1000105 0.1048951 0.4601189 0.550456 
0.1571802 0.01466396 0.101104 0.1012211 0.4575533 0.5486226 
0.1511652 0.01605864 0.09355068 0.0965717 0.4596517 0.5578802 
0.1652964 0.01553387 0.1012078 0.1046572 0.4086296 0.6022418 
0.1473418 0.01647236 0.09382684 0.09714203 0.4343189 0.551358 
0.1669307 0.0158249 0.09470535 0.09515951 0.4281894 0.5655063 
0.145447 0.01545245 0.1024387 0.1057441 0.4654541 0.5558258 
0.1702374 0.0166146 0.09365988 0.09387148 0.4370491 0.5508872 
0.1467147 0.0155591 0.1011608 0.1016839 0.4647491 0.5770932 
0.1652996 0.01667278 0.1011994 0.1033176 0.4312906 0.5693827 
0.1560387 0.01644579 0.09786319 0.1049882 0.4309268 0.5407537 
0.162697 0.01715083 0.09305657 0.0983344 0.4241333 0.5861602 
0.1539847 0.01575293 0.09231248 0.09620188 0.4470425 0.5416356 
0.1476685 0.01518976 0.100995 0.1015121 0.4387502 0.5372819 
0.1523771 0.01622293 0.09754505 0.09791967 0.4556853 0.5445995 
0.154949 0.0154611 0.1008802 0.1018305 0.4312752 0.5572994 
0.1481503 0.01666462 0.09965936 0.09990756 0.4397453 0.5441287 
0.143804 0.01532302 0.1033597 0.1047587 0.4687866 0.5326244 
0.1528074 0.01521007 0.1019247 0.1028421 0.4115073 0.5627718 
0.1660104 0.01622174 0.09849892 0.101238 0.4306376 0.5786101 
0.1633665 0.01540198 0.09779487 0.09850291 0.454009 0.563018 
0.1363932 0.01506036 0.09698498 0.1024841 0.4805394 0.5080844 
0.1568368 0.01564133 0.09916377 0.1015279 0.4444879 0.5816564 
0.1520439 0.01521937 0.09871676 0.1019997 0.4563806 0.5618122 
0.1533255 0.01627759 0.09637136 0.09926338 0.4452095 0.5819234 
0.1536683 0.01668454 0.09474601 0.09962461 0.413161 0.5707862 
0.1474983 0.01564927 0.09217203 0.09562754 0.4563531 0.5752464 
0.1702705 0.0162071 0.1007812 0.1009822 0.4148647 0.5615556 
0.1639522 0.01588139 0.0957001 0.09681351 0.4386271 0.5500526 
0.1485358 0.01583609 0.09371211 0.09518798 0.4595307 0.5509103 
0.1487395 0.01477394 0.1012394 0.1024622 0.4523317 0.5634572 
0.1496697 0.01516758 0.09897834 0.1045991 0.4566655 0.549145 
0.1445094 0.01508738 0.1067519 0.1067846 0.4376462 0.5700545 
0.1500579 0.01493712 0.1064295 0.1081798 0.4472189 0.5522786 
0.1492586 0.01533667 0.0927575 0.09776909 0.4673531 0.5331638 
0.1515502 0.01584452 0.1009046 0.1014762 0.4451885 0.5590294 
0.1488368 0.0162459 0.08952457 0.1022899 0.4250794 0.5752984 
0.1542094 0.01499753 0.09724153 0.1005243 0.4577308 0.5663305 
0.1590455 0.01534645 0.09746025 0.0994475 0.4270649 0.5487964 
0.1472438 0.01520572 0.09476831 0.09821231 0.4579775 0.5498986 
0.1467632 0.01576106 0.1040398 0.1066903 0.446208 0.5656964 
0.1563001 0.01539155 0.09702143 0.09882085 0.4665766 0.5397855 
0.1566433 0.01680191 0.09548785 0.09822225 0.4354076 0.5965755 
0.1449068 0.01490969 0.1062171 0.1068241 0.4755071 0.5367904 
0.1490116 0.01516482 0.09805203 0.09903168 0.4521309 0.5484372 
0.1619019 0.01574782 0.1011944 0.1051492 0.4227538 0.588681 
0.1553283 0.01563575 0.09832892 0.1019833 0.4504108 0.5913491 
0.1525635 0.01634663 0.09478104 0.1087135 0.4211767 0.5874711 
0.1540036 0.01469708 0.09997103 0.1007448 0.4813827 0.5527669 
0.1618706 0.01596574 0.1014501 0.1033109 0.4265701 0.5543802 
0.1598606 0.01630534 0.09952373 0.1003343 0.4263506 0.5712281 
0.1608053 0.01582032 0.09410779 0.0953318 0.4347137 0.5937747 
0.1482244 0.01591909 0.09592325 0.1016422 0.4320942 0.5516871 
0.1518923 0.01576282 0.09696999 0.1006285 0.4519977 0.5796334 
0.1582331 0.01555796 0.09669089 0.09680501 0.4468771 0.5705569 
0.1583154 0.01573122 0.1014498 0.1037603 0.4361306 0.5509496 
0.1473181 0.01524781 0.102533 0.1093036 0.4295499 0.5360509 
0.149686 0.01688029 0.09577973 0.1072248 0.447806 0.5453234 
0.1523993 0.01537361 0.09922813 0.09924666 0.4313898 0.5601358 
0.149759 0.01514389 0.1035103 0.105215 0.4199371 0.5330727 
0.1424078 0.01585432 0.09722728 0.09828053 0.4437647 0.5296405 
0.164106 0.01577734 0.1047231 0.1049658 0.447113 0.5881479 
0.1656418 0.01648571 0.09602439 0.09902512 0.4212182 0.5691741 
0.1486455 0.01482883 0.1043484 0.1058775 0.4582 0.5534336 
0.1564368 0.0161658 0.09276472 0.0937461 0.450983 0.5489604 
0.1539417 0.01492289 0.1043003 0.1049246 0.4542482 0.5747796 
0.1633148 0.0167937 0.09280554 0.09437004 0.4362054 0.559364 
0.1658748 0.01515127 0.09036866 0.09442693 0.4554696 0.5585273 
0.1617376 0.01548063 0.0947113 0.09689799 0.4420594 0.5755465 
0.1648251 0.01589699 0.09498052 0.09512447 0.4260068 0.5789195 
0.1490554 0.01530219 0.0992727 0.1063506 0.4565594 0.5776723 
0.1470568 0.01511719 0.1024028 0.1044908 0.4349717 0.5406637 
0.149583 0.01512328 0.1004832 0.1010505 0.4671231 0.5362304 
0.1399738 0.01514595 0.09705154 0.1005212 0.4451713 0.5416981 
0.1531519 0.01479899 0.09820733 0.09837421 0.4474428 0.5526709 
0.1661131 0.01557965 0.1015397 0.1025681 0.4283858 0.5579231 
0.139458 0.01466352 0.09971474 0.1015558 0.4560245 0.5404961 
0.1624813 0.01698066 0.09628128 0.1053433 0.4340652 0.5588453 
0.156201 0.01604734 0.0984662 0.09937529 0.4311544 0.5522185 
0.1516811 0.01503517 0.1029311 0.1030071 0.4507895 0.5728066 
0.1422893 0.01414446 0.1106563 0.1117165 0.4551128 0.5228844 
0.1574996 0.015679 0.09754777 0.1040875 0.4307533 0.5527035 
0.1569388 0.01627396 0.09910069 0.1009953 0.4135891 0.5657827 
0.1600505 0.01657685 0.09356435 0.09512505 0.4236792 0.5638612 
0.1442938 0.01643068 0.09996789 0.1051785 0.4503218 0.5568008 
0.164465 0.01611335 0.09621346 0.09726743 0.4442514 0.5798857 
0.1500362 0.01601601 0.1029655 0.1062976 0.4471461 0.549832 
0.1543965 0.01620975 0.09741368 0.09743618 0.4493116 0.5482793 
0.1465226 0.01560698 0.1017945 0.1051197 0.4316239 0.55266 
0.1607092 0.0153738 0.100286 0.1018225 0.4262117 0.5423366 
0.1502315 0.01558519 0.1036652 0.1052259 0.4463209 0.5351799 
0.1624054 0.01644321 0.1023085 0.1026659 0.4267607 0.5660043 
0.1483696 0.0150778 0.1023886 0.1067724 0.4610958 0.5251296 
0.1585068 0.01655928 0.09855191 0.09971554 0.4294558 0.5633895 
0.1479926 0.01525235 0.1059733 0.1061816 0.4563701 0.5619332 
0.1641937 0.01660636 0.09666577 0.09668468 0.4154058 0.5751472 
0.1491475 0.01595703 0.09323124 0.1008007 0.475674 0.5490869 
0.1458999 0.01609513 0.09410755 0.09593188 0.4529241 0.5592729 
0.1680768 0.01578007 0.09402952 0.09403935 0.4264678 0.563643 
0.1505782 0.01565915 0.1045117 0.1059511 0.4390601 0.5589867 
0.1708869 0.0161886 0.09100493 0.0965986 0.3962558 0.5758817 
0.1535355 0.01633754 0.09662421 0.1002806 0.4318896 0.5544278 
0.1487115 0.01465631 0.09818588 0.1027228 0.4785543 0.582494 
0.1494192 0.01555894 0.1032052 0.1049863 0.4227545 0.5510413 
0.153144 0.01578721 0.09548977 0.09780507 0.4590694 0.570465 
0.15842 0.01672481 0.09537297 0.09736721 0.4380155 0.5518448 
0.1635102 0.0166384 0.09782775 0.09847668 0.4114129 0.600357 
0.1701261 0.01657345 0.09121855 0.09338499 0.4204743 0.5354297 
0.1579165 0.0160839 0.09366956 0.0947068 0.4387633 0.5665721 
0.1665706 0.01697919 0.1000573 0.1024365 0.4216119 0.5943122 
0.1492268 0.01524877 0.1020876 0.1028776 0.4513943 0.559852 
0.1609473 0.01624432 0.09882078 0.09947225 0.4419631 0.5822756 
0.1563493 0.01726464 0.09448398 0.09763561 0.4345173 0.5694442 
0.160906 0.01664059 0.0964749 0.09814567 0.4350514 0.567799 
0.148817 0.01575389 0.1000469 0.1020489 0.4868509 0.556182 
0.1594889 0.01643158 0.09459462 0.09520799 0.4494897 0.532987 
0.1624842 0.01568883 0.09602622 0.09612859 0.4170827 0.5339103 
0.1556019 0.01641309 0.1021846 0.1055206 0.4328346 0.5722635 
0.1609113 0.01621096 0.09631871 0.09940113 0.4355308 0.5876158 
0.1530065 0.01546695 0.09759543 0.1029773 0.4235696 0.5803497 
0.1561885 0.01563067 0.09665129 0.09833357 0.4543131 0.5426722 
0.1508141 0.01534408 0.09416904 0.09930038 0.4516477 0.5585176 
0.1562551 0.01589617 0.099889 0.1006282 0.4577401 0.5827285 
0.160035 0.0173324 0.09417919 0.09500288 0.4290622 0.5529833 
0.1629449 0.01625574 0.09743512 0.09826474 0.4133692 0.5762896 
0.1410665 0.01496623 0.09897025 0.1033217 0.4731791 0.576637 
0.1299866 0.0144074 0.1056135 0.1062361 0.477757 0.5239258 
0.167357 0.01650493 0.09390785 0.09762098 0.440521 0.5561961 
0.1721229 0.0169049 0.09698248 0.09887506 0.3944205 0.5851669 
0.14355 0.01599979 0.1000935 0.1023302 0.4634961 0.5497046 
0.1559504 0.01624548 0.09577846 0.09897393 0.4173702 0.5594611 
0.1483522 0.01593688 0.09507199 0.099978 0.4522041 0.5607582 
0.1605767 0.01726644 0.09319371 0.09655772 0.4285168 0.5491595 
0.1548125 0.0158232 0.1001765 0.1015472 0.4748744 0.5488921 
0.1543178 0.0152865 0.09938851 0.1010839 0.4490393 0.5652798 
0.1557225 0.01507903 0.1021066 0.102793 0.4441963 0.5479663 
0.1574494 0.01672936 0.09751919 0.1002736 0.4227944 0.567374 
0.1556011 0.01609866 0.101198 0.1032424 0.4522654 0.569903 
0.153158 0.01585205 0.09556061 0.09590883 0.4614754 0.559489 
0.1533988 0.01526179 0.1081082 0.1085203 0.4521265 0.5811124 
0.1575134 0.01577848 0.09815936 0.09817139 0.4094685 0.5585507 
0.1474662 0.01516213 0.1005246 0.1038637 0.4628941 0.5381384 
0.1457496 0.01500072 0.09877322 0.106407 0.4496319 0.5477154 
0.1405247 0.01423963 0.104019 0.1075923 0.4652512 0.5369086 
0.16074 0.01710844 0.08832288 0.09457353 0.4297132 0.5894165 
0.1549615 0.01592298 0.1006122 0.104728 0.4450407 0.5536724 
0.1523801 0.01622361 0.09425778 0.09897473 0.4482117 0.5537866 
0.1560143 0.01603632 0.1014189 0.1132984 0.4428726 0.5501763 
0.1641685 0.01632637 0.09742155 0.1010122 0.4215094 0.5531432 
0.1504255 0.0166221 0.09344544 0.09444023 0.4302876 0.577183 
0.1473727 0.01627405 0.1005238 0.1007146 0.456794 0.5470715 
0.1592884 0.01673718 0.0974246 0.09759769 0.4348145 0.5861953 
0.1593005 0.01618348 0.09793611 0.09804688 0.4216439 0.5736341 
0.1497942 0.01543553 0.1047526 0.1077013 0.4292328 0.5623337 
0.1684397 0.0163004 0.09001774 0.09023271 0.4187506 0.5584992 
0.166104 0.01654924 0.09599083 0.09737045 0.4249084 0.5597035 
0.1554147 0.01635955 0.09671762 0.09878701 0.4414778 0.5482275 
0.1570024 0.01611012 0.1008203 0.1077312 0.4129012 0.5503998 
0.1600478 0.01632084 0.09470225 0.09489799 0.4192133 0.5571295 
0.1478884 0.01635051 0.09258973 0.09957437 0.4104409 0.5548008 
0.1357605 0.0150455 0.09994917 0.1046457 0.4743786 0.5342235 
0.1528574 0.0156854 0.09846521 0.1005644 0.4540994 0.5516334 
0.1489018 0.01526564 0.09889663 0.100193 0.4779797 0.5462825 
0.1511216 0.01483288 0.1040298 0.1049055 0.4468247 0.5623429 
0.143234 0.01534091 0.09968399 0.1010015 0.4699532 0.5574858 
0.1678952 0.01802121 0.08744821 0.09504831 0.4165351 0.5732737 
0.146781 0.01592365 0.09358252 0.1022461 0.4540681 0.5378891 
0.1502039 0.01668927 0.09063483 0.09179717 0.4342147 0.5232673 
0.1611794 0.0161668 0.09760963 0.09901667 0.4398289 0.5770439 
0.1596001 0.0156447 0.1006783 0.1010833 0.4437383 0.5930211 
0.1571884 0.01563126 0.08926488 0.09162862 0.4389703 0.5541887 
0.1625019 0.01699344 0.09327146 0.09946118 0.422858 0.5755424 
0.1591262 0.01510437 0.09636128 0.09715171 0.4233889 0.5639953 
0.1602824 0.01652004 0.09514721 0.09532835 0.4281092 0.5431832 
0.1546774 0.01650067 0.1029516 0.103028 0.4359497 0.5512382 
0.1550684 0.01564541 0.09700353 0.09745329 0.4463294 0.5818858 
0.1570526 0.01683708 0.09551808 0.09586749 0.4423076 0.5618209 
0.1535092 0.01605415 0.1021358 0.1022513 0.4241664 0.5614615 
0.1604311 0.01550259 0.09895069 0.09927101 0.4314826 0.5859783 
0.1628246 0.01660979 0.09713716 0.09716985 0.4236696 0.568257 
0.148792 0.01631023 0.09951 0.09990429 0.4687306 0.5654035 
0.1387199 0.01518641 0.1045341 0.1049426 0.4782977 0.5366728 
0.1481829 0.01626524 0.09362279 0.09934561 0.4724783 0.5504427 
0.1508108 0.0167457 0.09492163 0.09589673 0.4463896 0.5408716 
0.172624 0.01725904 0.09550312 0.09668235 0.4349243 0.5797617 
0.1645627 0.01645846 0.09945687 0.09961659 0.4307097 0.5555026 
0.1546023 0.01668727 0.09374819 0.09498998 0.4435445 0.561194 
0.1708006 0.01725634 0.09597853 0.09637125 0.4164304 0.5929832 
0.1469735 0.0158915 0.09811113 0.1011541 0.4547873 0.53277 
0.163112 0.01593567 0.09520093 0.09643088 0.4431402 0.5536225 
0.164326 0.01570443 0.09795826 0.09813022 0.4451467 0.5485107 
0.1448219 0.01602984 0.09380584 0.09392474 0.4463145 0.5246506 
0.1525782 0.01579036 0.09218202 0.09361748 0.4459238 0.5520175 
0.1575663 0.01624965 0.09513404 0.09584137 0.4179824 0.5569957 
0.1529476 0.01576979 0.09790848 0.1021766 0.4228745 0.5841609 
0.1637413 0.01580339 0.09913846 0.104674 0.4293378 0.5597969 
0.1622379 0.01740318 0.09096914 0.09205509 0.4445218 0.5703056 
0.1491921 0.01478495 0.09548595 0.09622695 0.4469132 0.5401553 
0.1595639 0.0159235 0.1016397 0.1018567 0.4149225 0.5734135 
0.1527046 0.01599757 0.09893755 0.1007725 0.4296143 0.5389601 
0.1538186 0.01601648 0.09487599 0.09984877 0.4583128 0.5374819 
0.1487601 0.01533413 0.1035798 0.1054913 0.4258195 0.5450471 
0.1572923 0.0153349 0.1037301 0.1112487 0.4528937 0.5799805 
0.1489192 0.01531205 0.107142 0.1133007 0.452427 0.555964 
0.1382039 0.01539091 0.1054288 0.1064638 0.4383944 0.5308375 
0.156214 0.01426006 0.107151 0.1080013 0.443271 0.5674331 
0.1655341 0.01658261 0.09453823 0.09722277 0.4323752 0.5774137 
0.1573823 0.01629392 0.09608931 0.09868587 0.4283982 0.5634287 
0.1534626 0.01556251 0.0972611 0.09866245 0.4441833 0.5548002 
0.151198 0.01559642 0.09680279 0.09754768 0.4655115 0.5488141 
0.1531652 0.01559282 0.1011708 0.1035726 0.441663 0.5887733 
0.1532252 0.01614386 0.09949066 0.1038954 0.4640763 0.5455114 
0.1655527 0.01564997 0.09831249 0.09834461 0.404637 0.5797776 
0.1540109 0.01596604 0.09374848 0.1042229 0.4353039 0.5179009 
0.1615797 0.01639831 0.08955626 0.09313762 0.432651 0.5763728 
0.1483664 0.0160466 0.09133785 0.09400172 0.4312727 0.547675 
0.155599 0.01638056 0.09162859 0.09748525 0.4647483 0.5730869 
0.154937 0.01594335 0.09817312 0.09879947 0.4377013 0.5834834 
0.1431975 0.01533995 0.1020561 0.1039687 0.4492987 0.5259649 
0.1665323 0.0160702 0.09539581 0.09710633 0.4215605 0.551527 
0.1561048 0.01543436 0.1050449 0.1054028 0.4410264 0.5769088 
