0.04566458 0.04552784 0.0002927368 0.3967727 0.6293219 1.797786 
0.04518492 0.04493311 0.0003439083 0.4115909 0.6363072 1.60078 
0.0454564 0.04456392 0.0003461596 0.4264012 0.6455199 1.511758 
0.04507327 0.04467958 0.0003341165 0.4269358 0.6279475 1.626601 
0.04364089 0.04323406 0.0002900887 0.41578 0.639342 1.720487 
0.04316146 0.04265581 0.0003284904 0.4077424 0.6589938 1.623858 
0.04261669 0.04228939 0.0003934697 0.4174109 0.6183189 1.296743 
0.04434062 0.04409483 0.0004763147 0.4227332 0.6396671 1.199252 
0.04466725 0.04456907 0.0003187773 0.4405135 0.6427509 1.800548 
0.04455574 0.044432 0.0003235874 0.4522434 0.6287243 1.63882 
0.0448483 0.04406284 0.0003961533 0.468251 0.6367728 1.474692 
0.04448284 0.04380212 0.0004123065 0.4790431 0.5835369 1.361958 
0.04484932 0.04475134 0.0004467789 0.4771574 0.6007428 1.269226 
0.0451007 0.04507663 0.0004408156 0.468302 0.6187783 1.351856 
0.04436523 0.04433219 0.0004911842 0.4795114 0.5972227 1.203988 
0.04481035 0.04426044 0.0003885265 0.4766618 0.6163976 1.423687 
0.04455111 0.0442045 0.0003569209 0.475512 0.619298 1.591056 
0.04455111 0.04424154 0.0002932497 0.4680087 0.6256419 1.855375 
0.04381231 0.04324823 0.0002769684 0.4705482 0.6182613 2.106115 
0.04310235 0.04297034 0.0003400186 0.4679487 0.6071322 1.534278 
0.04319788 0.0430233 0.0003163613 0.4721815 0.6211711 1.599916 
0.04319788 0.04290691 0.0003876905 0.4784151 0.6147984 1.457107 
0.04271947 0.04221077 0.0003387102 0.4689598 0.6299289 1.67969 
0.04273407 0.04249088 0.0003085339 0.4651956 0.6156758 1.74043 
0.04293108 0.0428919 0.0004667637 0.451772 0.6602825 1.197632 
0.04366564 0.0435775 0.0003217058 0.458325 0.6335359 1.777346 
0.04360603 0.04339622 0.0003708855 0.4624317 0.6050485 1.546431 
0.04468533 0.04459329 0.0004032048 0.4386655 0.6028462 1.477952 
0.04322923 0.04320461 0.0005235406 0.4361069 0.6175428 1.051859 
0.04378785 0.0437288 0.0005728736 0.4323797 0.6293344 0.9878201 
0.04375542 0.04363584 0.0007109237 0.4444805 0.6149417 0.8568435 
0.04361494 0.0435458 0.0005487258 0.443417 0.6619541 1.060561 
0.04357243 0.04341709 0.0005350312 0.4527394 0.6413919 1.061322 
0.04339625 0.04295521 0.0004423598 0.4677881 0.6000811 1.286488 
0.04339625 0.04339442 0.000322534 0.4582647 0.6221845 1.629332 
0.04362321 0.04334512 0.0003537679 0.4435966 0.6380851 1.512324 
0.04370358 0.04331917 0.0003396928 0.4421687 0.6361592 1.654327 
0.04370358 0.04369848 0.000282875 0.4540525 0.6284528 1.969596 
0.04370358 0.04364962 0.0003854869 0.4659674 0.6230982 1.427395 
0.04432405 0.0443053 0.0003530718 0.4433139 0.6454019 1.570042 
0.0434639 0.04333924 0.0004112685 0.4482891 0.6221643 1.258516 
0.04320746 0.04312527 0.0003513764 0.4453287 0.6214913 1.563263 
0.0437387 0.04338619 0.0004095797 0.4602229 0.5856117 1.364616 
0.04475871 0.04452157 0.0004638626 0.4697097 0.6043047 1.248821 
0.04443255 0.04365959 0.0004069449 0.4757551 0.6021214 1.394166 
0.04443255 0.04423174 0.0003806966 0.4724402 0.6217025 1.407641 
0.04385011 0.0437426 0.0004028813 0.4557639 0.6406821 1.399274 
0.04385011 0.04375188 0.0003733106 0.4634936 0.623176 1.522889 
0.04491495 0.0441535 0.0004332638 0.4648582 0.6276392 1.272442 
0.04644332 0.04541302 0.0003760695 0.4694373 0.6435902 1.488482 
0.04525326 0.04519862 0.0004642829 0.4922601 0.6196319 1.246444 
0.04540723 0.0451973 0.0003842915 0.4742897 0.6451145 1.431488 
0.0440999 0.04394974 0.0003564522 0.4685257 0.607086 1.608621 
0.04384681 0.04353086 0.0003118629 0.4643839 0.6203989 1.726951 
0.04344757 0.04323228 0.0002368561 0.4522802 0.6690458 2.230641 
0.04371764 0.04368697 0.0002345673 0.4676424 0.6162949 2.45192 
0.04416 0.04397235 0.000244865 0.455557 0.6023392 2.289458 
0.04309536 0.04286456 0.0003379031 0.4622766 0.6658432 1.634304 
0.04402532 0.0437538 0.0003621405 0.4555352 0.6262759 1.527362 
0.04349949 0.04278587 0.0004463308 0.4671407 0.6373041 1.315906 
0.0435343 0.04352716 0.0005260686 0.4628138 0.6101153 1.072117 
0.04305651 0.04272758 0.0004364152 0.4609309 0.6220056 1.340982 
0.04292556 0.04268397 0.0003773999 0.4561887 0.6421085 1.493836 
0.04231191 0.04222719 0.0003712121 0.4384786 0.6293029 1.442755 
0.04112287 0.04107584 0.000338906 0.4216506 0.6413817 1.591078 
0.04185232 0.04181028 0.0003682079 0.4194783 0.6642409 1.470755 
0.04240474 0.04188945 0.0003034586 0.4245235 0.6539305 1.732294 
0.04164999 0.04146349 0.0002578962 0.4275984 0.6519183 2.075979 
0.04321265 0.04280282 0.0002745562 0.4155894 0.6678587 1.767494 
0.04358697 0.04350813 0.000296939 0.4342742 0.671828 1.730213 
0.0431162 0.04311532 0.0003737298 0.4304283 0.6361676 1.46321 
0.04457548 0.04320482 0.0002891836 0.4261177 0.6443224 1.814844 
0.0453593 0.04522965 0.0002553016 0.4225194 0.6260849 2.051505 
0.04409655 0.04370824 0.00024376 0.4242332 0.6394421 2.283948 
0.04365312 0.04288175 0.0002892072 0.4352441 0.6428107 1.847793 
0.04357986 0.04347338 0.000272738 0.4430868 0.6055166 1.933999 
0.04475959 0.04353547 0.000272863 0.4389464 0.6476947 2.145469 
0.04427981 0.04415176 0.0002416855 0.4407127 0.6117468 2.248134 
0.04325989 0.04276854 0.0002928677 0.4350658 0.618077 1.85347 
0.04398258 0.04387381 0.0002774976 0.4366449 0.6534746 1.947571 
0.04437672 0.04388094 0.0002896679 0.4421869 0.6337883 1.949581 
0.04614745 0.04546768 0.0002242105 0.4333383 0.6286786 2.364595 
0.04486689 0.04477464 0.0002289336 0.429584 0.6439373 2.401149 
0.04499085 0.04397298 0.000282802 0.4420424 0.6108357 2.010216 
0.04375537 0.04326991 0.00020409 0.4492264 0.6495071 2.513687 
0.04368768 0.0430001 0.0002771258 0.4299045 0.6623907 1.908841 
0.04390829 0.04287834 0.0003001764 0.4369169 0.6439077 1.766247 
0.04404227 0.04368175 0.000289716 0.4340835 0.6227033 1.810223 
0.04415982 0.04349755 0.0003217122 0.4233794 0.6390293 1.704928 
0.04395328 0.04307775 0.0003446818 0.4331737 0.6134569 1.595724 
0.04453413 0.04419167 0.0003401552 0.4459082 0.6206393 1.607373 
0.04429286 0.04331579 0.0003463579 0.4622469 0.6376765 1.570698 
0.04429286 0.04413109 0.0003553346 0.4541541 0.6106766 1.535197 
0.04457922 0.04358922 0.0003084724 0.4359605 0.628652 1.721674 
0.04457922 0.04384106 0.0003976078 0.4473353 0.6169337 1.500579 
0.04417395 0.04395866 0.0004166887 0.464526 0.6262574 1.348528 
0.04525523 0.04515912 0.0004047771 0.4861201 0.5992887 1.470417 
0.04369409 0.04243251 0.000374467 0.4810678 0.6229404 1.525389 
0.04258773 0.04252745 0.0003615479 0.4982311 0.6164156 1.594326 
0.04300808 0.04239075 0.0003216686 0.4873687 0.6179418 1.698741 
0.04285628 0.04230486 0.0002892753 0.4683379 0.618962 1.905008 
0.04261382 0.04255798 0.0002796707 0.471744 0.6136477 1.85219 
0.04316461 0.0430642 0.0002952786 0.4833604 0.6410823 1.934718 
0.04296458 0.04256576 0.000233024 0.4819293 0.6318602 2.087008 
0.04280231 0.04251686 0.0002420602 0.4794846 0.6032031 2.131121 
0.042817 0.04269831 0.0003735894 0.4903309 0.6043387 1.630648 
0.0418961 0.04183263 0.0003183004 0.4996267 0.6174727 1.79045 
0.04196869 0.04155027 0.0002865195 0.4738527 0.6301844 1.98773 
0.04119822 0.0411511 0.0002585218 0.4673831 0.654281 1.990642 
0.04174602 0.04152328 0.0003180953 0.4696354 0.6447047 1.692428 
0.04169285 0.04151487 0.0002956612 0.4672824 0.6251663 1.796087 
0.04246667 0.04222763 0.0003160164 0.4777918 0.6570928 1.69512 
0.04279431 0.04264984 0.0003676036 0.4810025 0.6262745 1.405239 
0.04265999 0.04240242 0.0002973819 0.5109452 0.6169825 1.838785 
0.04292645 0.0420668 0.000376428 0.5422873 0.6052367 1.534839 
0.04270899 0.0424454 0.0003909562 0.5399544 0.6034449 1.517505 
0.0432578 0.04255914 0.0005394833 0.5451343 0.6227685 1.116362 
0.04264617 0.04262708 0.0004923801 0.4801485 0.6121799 1.177178 
0.04405028 0.04323329 0.0004367658 0.4859569 0.6315536 1.320369 
0.04251515 0.04248299 0.0004559297 0.5189552 0.5835949 1.198413 
0.04204389 0.04194374 0.0004569787 0.507308 0.6654618 1.182179 
0.0428587 0.0427411 0.0004271138 0.514282 0.6042836 1.39082 
0.04397119 0.0437832 0.000329037 0.5022186 0.5873555 1.710926 
0.04323747 0.04311687 0.0002978016 0.4724744 0.6347202 1.709496 
0.04315824 0.04305425 0.000316347 0.4607708 0.6483924 1.708431 
0.04262042 0.04234991 0.000295743 0.475006 0.6202216 1.853262 
0.04215586 0.04175976 0.0002700231 0.4435157 0.67138 2.022011 
0.04178772 0.0417596 0.0003058062 0.4673762 0.6342426 1.759811 
0.04208225 0.04196612 0.0004612679 0.4931003 0.6455429 1.210786 
0.04230012 0.04213922 0.0003530108 0.4532415 0.6641934 1.53748 
0.04190517 0.04162153 0.000371718 0.432358 0.630549 1.447111 
0.04293231 0.04289067 0.0004157837 0.4548172 0.6230142 1.345154 
0.04303283 0.04253957 0.0003767157 0.4481302 0.6406108 1.355757 
0.04337811 0.04319969 0.0004184236 0.4673467 0.6220861 1.360527 
0.04304615 0.04293828 0.0003364514 0.4601909 0.6157943 1.679455 
0.04194935 0.04191661 0.0002718372 0.4363466 0.6487333 1.954874 
0.04148269 0.04136102 0.0003029078 0.4309813 0.6177243 1.724747 
0.04080786 0.04047196 0.0002665114 0.4219438 0.6425238 1.913648 
0.04239275 0.04231571 0.0002613431 0.3944334 0.6717425 1.894541 
0.04348955 0.04133061 0.0002563571 0.4158888 0.6106178 2.21204 
0.04296697 0.04294368 0.0003085344 0.4158794 0.6431318 1.607947 
0.04313714 0.04259846 0.0002068311 0.4448494 0.6105762 2.485625 
0.04289836 0.04238806 0.0002227897 0.4656524 0.6323465 2.328959 
0.04247831 0.04183271 0.00017924 0.4726973 0.6257762 3.039797 
0.04153878 0.04135752 0.0002709963 0.4480145 0.6194573 1.927059 
0.04116334 0.04108817 0.0002114945 0.4517727 0.6599233 2.525553 
0.04240642 0.04227637 0.0002117222 0.486969 0.6169398 2.609135 
0.04117329 0.04060985 0.0001849673 0.4701426 0.6312193 3.070057 
0.04170843 0.04145406 0.0001637907 0.4756667 0.6440756 3.205871 
0.04169933 0.04130305 0.0001792424 0.4795141 0.6036213 3.046657 
0.04114739 0.0405168 0.0002250054 0.4912944 0.6405335 2.328038 
0.04125976 0.04092716 0.0001935398 0.4780493 0.6542429 2.712602 
0.04181951 0.0415703 0.0002206361 0.4855724 0.6301792 2.322107 
0.04112193 0.04101597 0.0002598737 0.4999429 0.6211405 2.25673 
0.04110514 0.04108507 0.0002041989 0.4865072 0.6182646 2.577079 
0.04095569 0.04092994 0.0002396099 0.4764063 0.6447996 2.164353 
0.04058836 0.04042969 0.0002438529 0.4835503 0.6398688 1.936571 
0.04209147 0.04188756 0.0002434505 0.4856587 0.6352332 2.256989 
0.0421804 0.04162476 0.0002279295 0.4952752 0.6387997 2.313449 
0.04228528 0.04223421 0.0002523324 0.4961932 0.6111895 2.354908 
0.04286583 0.04200647 0.0002648991 0.5036497 0.6089698 2.047257 
0.04147334 0.04108566 0.0002951677 0.4630559 0.6562823 1.743356 
0.04288303 0.04239694 0.0003658857 0.4523126 0.6570242 1.547306 
0.04314392 0.0429441 0.0004564539 0.4864695 0.6405842 1.27971 
0.04276137 0.04245231 0.0004969869 0.4656757 0.6033758 1.097688 
0.04337784 0.04323647 0.0005070101 0.4491523 0.627706 1.139768 
0.04331534 0.04293015 0.0004992543 0.457469 0.6338378 1.107506 
0.04399445 0.04347631 0.0005294848 0.4427375 0.6450803 1.112177 
0.04303782 0.04286714 0.0006118051 0.4444328 0.6475495 0.9671427 
0.04083367 0.04023557 0.0006999677 0.4428293 0.6455771 0.8433344 
0.0424914 0.04242419 0.0004480735 0.4573269 0.6438765 1.215342 
0.04215069 0.04187425 0.0003386767 0.4685873 0.6366557 1.704935 
0.04124833 0.04112751 0.0003256079 0.461116 0.6180351 1.655888 
0.04188822 0.0418804 0.0002368419 0.4783778 0.6237802 2.30638 
0.04101484 0.04082658 0.0002501101 0.4761182 0.6337095 2.024838 
0.04137928 0.04096052 0.0002403326 0.4794768 0.6518738 2.314303 
0.04334636 0.04207162 0.0002517292 0.4933587 0.6247887 2.306792 
0.04311916 0.04280606 0.000219401 0.4852689 0.6022781 2.551509 
0.04302021 0.04273105 0.0002833175 0.5000144 0.6061213 1.947235 
0.04309477 0.04279189 0.000279665 0.5140287 0.6209384 1.891085 
0.04230596 0.04211927 0.0002436386 0.4779636 0.6446466 2.1894 
0.04357875 0.04334153 0.0002652684 0.4672969 0.623977 1.989399 
0.04311624 0.04269584 0.0002839621 0.4712697 0.62418 1.945089 
0.04275038 0.04226411 0.0002100439 0.4667431 0.6556175 2.525811 
0.04269 0.04245496 0.0001878212 0.4591174 0.6271445 2.861629 
0.04249479 0.04203349 0.0002911081 0.4801445 0.6656583 1.91303 
0.04266827 0.04266673 0.0002448757 0.5237645 0.6250658 2.275015 
0.04217199 0.0419155 0.000296075 0.535108 0.6258466 1.919364 
0.04269596 0.04243419 0.0002678703 0.5397568 0.5890096 2.027583 
0.04189311 0.0418157 0.0002165266 0.5628697 0.6535444 2.541124 
0.0435235 0.04341574 0.0004640997 0.550542 0.6271083 1.197334 
0.043548 0.04344807 0.0003408818 0.5504244 0.5947334 1.637831 
0.0442543 0.0440189 0.0003653307 0.5702999 0.5929344 1.614702 
0.0442543 0.04418643 0.0004298019 0.5410031 0.5903245 1.396025 
0.04403709 0.04363246 0.0004160533 0.5270098 0.6166197 1.396758 
0.04329228 0.04326415 0.0002713177 0.5029272 0.6290633 1.953763 
0.04262287 0.04170761 0.0003347573 0.5362514 0.6461475 1.674391 
0.04249642 0.04245768 0.0002524846 0.5270683 0.6481283 2.103806 
0.04213226 0.04196435 0.0002952708 0.503985 0.6418039 1.831889 
0.04331635 0.04314608 0.0003451395 0.4929917 0.6164797 1.688889 
0.04337889 0.04309196 0.0003668708 0.4901326 0.6479625 1.508122 
0.04327675 0.04321381 0.0004396148 0.4739636 0.6332071 1.247411 
0.04361387 0.04349045 0.0004428258 0.4490779 0.6571976 1.215953 
0.04273236 0.04270594 0.0004641906 0.4805916 0.5970544 1.231312 
0.04259294 0.04214769 0.0003708988 0.4604547 0.6347495 1.433798 
0.04311023 0.04299559 0.0003394524 0.4820433 0.6287164 1.680835 
0.04264038 0.04256629 0.000364746 0.4753991 0.6579509 1.50431 
0.04164559 0.0415992 0.0004547694 0.4704059 0.6321431 1.259616 
0.04155656 0.04109985 0.0002762513 0.4713445 0.648788 1.880532 
0.04157358 0.0414762 0.0002246044 0.4513459 0.6449597 2.316131 
0.04186946 0.04123803 0.0002334254 0.4486759 0.6576463 2.166793 
0.04213247 0.04180906 0.0002193989 0.4474795 0.6405538 2.360168 
0.04207807 0.04147058 0.0001842478 0.4322122 0.6465017 2.793212 
0.04200193 0.04162577 0.0001723573 0.4471615 0.6535177 3.017634 
0.04572528 0.0457231 0.000222803 0.4425215 0.6210675 2.462824 
0.04496341 0.04487177 0.0002923146 0.4286502 0.6303921 1.934932 
0.04424849 0.04306073 0.0002670881 0.4566961 0.6197912 1.956465 
0.04505261 0.04479857 0.0002625568 0.4778369 0.6128453 2.043561 
0.0435913 0.04354447 0.0002528204 0.4957224 0.657444 2.054306 
0.04403807 0.04369883 0.0002519064 0.4986087 0.6122103 2.144506 
0.0424517 0.04217826 0.0002954393 0.4650672 0.6526668 1.772912 
0.04380199 0.04269288 0.0003360015 0.4851009 0.6233268 1.761688 
0.04367034 0.04360858 0.000395408 0.4746032 0.6352797 1.35001 
0.04436134 0.04403447 0.0004525807 0.4786093 0.6170849 1.28248 
0.04213306 0.0415558 0.0003815201 0.4996877 0.6221501 1.489172 
0.04260893 0.04229579 0.0004107877 0.4925785 0.6450687 1.322438 
0.04064456 0.04062248 0.00042543 0.4834217 0.6493712 1.310079 
0.04051611 0.04048609 0.0004493392 0.4764269 0.6236112 1.219264 
0.0408276 0.04079894 0.0004029945 0.5348321 0.6263841 1.361353 
0.04108284 0.04091246 0.0004209561 0.5575843 0.6092953 1.311918 
0.0417845 0.0416932 0.000455526 0.536706 0.6439483 1.288901 
0.04256321 0.04236859 0.0004161049 0.5271615 0.6005414 1.336296 
0.04221962 0.04164952 0.0004392548 0.5444388 0.5994168 1.33397 
0.04164908 0.04106176 0.000479495 0.551845 0.5975247 1.256279 
0.04233401 0.04230616 0.0004199845 0.508938 0.6098948 1.330494 
0.04341938 0.04323657 0.0003543288 0.5021377 0.6102201 1.662082 
0.04199779 0.0417977 0.0003758272 0.4950985 0.6254672 1.524833 
0.04333642 0.04318483 0.0004145373 0.4996348 0.6295274 1.340123 
0.04272639 0.04238352 0.0003603448 0.4746054 0.6143268 1.569153 
0.04255391 0.04105172 0.0003653582 0.4905898 0.6368502 1.475875 
0.0421511 0.04201056 0.0004535456 0.5008405 0.6277819 1.157334 
0.04165156 0.04156994 0.0004429505 0.4832161 0.6298585 1.226595 
0.04173319 0.0415478 0.0003095315 0.4823293 0.6710864 1.681327 
0.04311828 0.04283551 0.0002628239 0.4773933 0.6493907 1.952623 
0.04389943 0.04251616 0.0002303539 0.461305 0.6301645 2.274514 
0.04365377 0.04365209 0.0003953862 0.4846186 0.6104113 1.422215 
0.04458442 0.04419859 0.0004549412 0.491564 0.6209482 1.305185 
0.04351158 0.04294976 0.0003313552 0.4525599 0.6564894 1.571135 
0.04197657 0.04154138 0.0003161963 0.4584453 0.6485593 1.70583 
0.04123209 0.04110487 0.0003844902 0.4676111 0.6364681 1.379846 
0.0409709 0.0406497 0.0003953619 0.4511025 0.651856 1.274319 
0.04092455 0.04090398 0.0002415278 0.4646249 0.6440337 2.051417 
0.04115714 0.0407528 0.0002392952 0.446886 0.6220236 2.181624 
0.0427747 0.04207947 0.0002817313 0.4601526 0.6304143 1.928393 
0.04325516 0.04314909 0.0003789715 0.4376597 0.6499941 1.412913 
0.04282286 0.04264028 0.0003914713 0.4557442 0.6128306 1.394094 
0.04288192 0.04265732 0.0003877867 0.4364755 0.6445975 1.434971 
0.04371485 0.04315044 0.0004218728 0.4455081 0.6325568 1.360606 
0.04364947 0.04360471 0.0004389075 0.4729619 0.6437081 1.369503 
0.04404814 0.04336444 0.0003140607 0.45895 0.635417 1.724606 
0.04478638 0.04476642 0.0003742349 0.4486957 0.6316721 1.514757 
0.04462347 0.04419305 0.0003234469 0.4198857 0.6261121 1.729807 
0.04359986 0.04351524 0.0003101113 0.451641 0.6451852 1.873388 
0.0447001 0.04454214 0.0004529183 0.4603137 0.6064534 1.220492 
0.04325628 0.04284516 0.0003888721 0.4338268 0.6171477 1.357055 
0.0431153 0.0431089 0.0004413942 0.4247246 0.6326015 1.226548 
0.0444578 0.04441589 0.00043736 0.4194622 0.6512542 1.331141 
0.04332054 0.04316927 0.000276279 0.4391015 0.6399677 1.898962 
0.04189638 0.04176326 0.0002820002 0.465355 0.6197358 1.874356 
0.04312537 0.04193639 0.0002977376 0.4571399 0.6234869 1.776019 
0.04274608 0.04255737 0.0002808836 0.4605853 0.6238408 1.846913 
0.04147743 0.04129322 0.0002642245 0.4670649 0.6272654 1.925389 
0.04153027 0.04098635 0.0002898422 0.4988127 0.6198491 1.879319 
0.04203125 0.04182404 0.0003087558 0.4673111 0.6190891 1.798998 
0.04208568 0.04207696 0.0002429166 0.4550043 0.6672593 2.067895 
0.04178625 0.04137618 0.0003031406 0.4610897 0.6461848 1.719134 
0.04282451 0.0421216 0.0002990735 0.5119756 0.6200306 1.753234 
0.0429893 0.04296403 0.0003454017 0.4751855 0.6334834 1.595539 
0.0431605 0.04266264 0.0003514263 0.4725911 0.6627139 1.423045 
0.04430112 0.04413368 0.0004469004 0.472947 0.6203135 1.283048 
0.04377431 0.04332039 0.0004841092 0.4982095 0.6475015 1.195056 
0.04283586 0.04230647 0.000469955 0.5164685 0.5957722 1.308584 
0.04404836 0.04388372 0.0004233627 0.4927287 0.6096928 1.389581 
0.04417332 0.04217312 0.0003850103 0.4945141 0.6225537 1.528522 
0.0437738 0.04341434 0.0003994214 0.4749887 0.6657898 1.321599 
0.042664 0.04255519 0.0003785812 0.4578528 0.6387962 1.460826 
0.04268341 0.04159084 0.0004083911 0.4664554 0.6107818 1.446947 
0.04254974 0.04237961 0.0004372633 0.4673598 0.6499245 1.244799 
0.04266303 0.04223992 0.0004002384 0.4471059 0.6518908 1.340715 
0.04174929 0.04168714 0.0004328126 0.4794243 0.6288071 1.36106 
0.04121906 0.04091685 0.0003449919 0.4868104 0.6085512 1.696043 
0.04078184 0.04004228 0.0002610657 0.4814566 0.6699002 2.05361 
0.04228203 0.0422672 0.0002554792 0.4744146 0.6051065 2.16962 
0.04335563 0.04213144 0.0002799525 0.5169514 0.6356564 2.085735 
0.04027514 0.03997292 0.0002406281 0.5512819 0.6107428 2.199712 
0.04002562 0.03999095 0.0002630443 0.5207307 0.6297422 1.933354 
0.04173146 0.04132273 0.000308954 0.5326984 0.6475724 1.781302 
0.04163377 0.0413042 0.0003874934 0.5052031 0.6594361 1.30731 
0.04163679 0.04078726 0.0003098605 0.4877419 0.6218726 1.797368 
0.04093626 0.04067403 0.0002176313 0.4752152 0.638052 2.374273 
0.0410267 0.04075928 0.0001812664 0.4953069 0.6295161 2.762184 
0.0408673 0.04073652 0.0002538523 0.5186291 0.6304893 2.232187 
0.04125289 0.04080609 0.0001796012 0.4622468 0.6415081 2.902021 
0.04117715 0.04083894 0.0002210715 0.4789669 0.6212524 2.318336 
0.04132967 0.04111331 0.0003201876 0.48512 0.6216317 1.643155 
0.04108526 0.04028771 0.000347872 0.4766658 0.6170576 1.592533 
0.04206342 0.04197336 0.0003468297 0.4748152 0.6153241 1.561516 
0.04135478 0.04124981 0.0002994266 0.4353674 0.6222726 1.663727 
0.04157814 0.04152003 0.0004198614 0.4213937 0.6505187 1.218353 
0.041934 0.04192551 0.0003550336 0.4364425 0.6561637 1.523708 
0.04206725 0.04206282 0.0004224849 0.4442506 0.6563887 1.254355 
0.04249515 0.04193 0.0003825048 0.4448727 0.6462953 1.443358 
0.04253306 0.04222467 0.0003583787 0.4657525 0.6178172 1.511636 
0.04303023 0.042055 0.0002671748 0.4853389 0.6187163 1.954067 
0.04297464 0.04257977 0.000205467 0.4604446 0.6635898 2.484915 
0.04449754 0.04432043 0.000217067 0.4980502 0.6021795 2.67653 
0.04403167 0.04325656 0.000229419 0.4979519 0.6072279 2.346873 
0.041722 0.04163566 0.0002896371 0.4980001 0.6282821 1.833588 
0.04366497 0.04362047 0.0001769578 0.5126101 0.6097943 3.072314 
0.04247545 0.04184336 0.0002144857 0.5160951 0.6308232 2.434907 
0.04211142 0.04207702 0.0002105284 0.5344336 0.6551182 2.528779 
0.04173384 0.0414488 0.0003504444 0.5339233 0.6356789 1.562839 
0.04228495 0.04112654 0.0002899361 0.5440185 0.6272815 1.930298 
0.04228495 0.04208842 0.0003342393 0.52194 0.6058616 1.723638 
0.04276448 0.04253342 0.0002941025 0.4963994 0.6322609 1.87234 
0.04324713 0.04317073 0.0002231249 0.4802556 0.6202458 2.372504 
0.04354434 0.04317802 0.0001817468 0.4844189 0.6117206 2.926341 
0.04152033 0.04151598 0.0002821751 0.4797896 0.6289947 1.956427 
0.04164637 0.04134724 0.000257786 0.4517324 0.6373337 2.048616 
0.04190618 0.04140866 0.0002900876 0.4464262 0.6305599 1.767056 
0.04214149 0.04190445 0.0002082352 0.4121664 0.6212605 2.525417 
0.04359871 0.04266369 0.0002594771 0.4230233 0.645597 1.978604 
0.04350848 0.04326603 0.0002590925 0.4502569 0.6390192 2.0729 
0.04358836 0.04247043 0.0002680373 0.4603943 0.6166115 2.007201 
0.04291561 0.0428921 0.0003268694 0.4307102 0.6238768 1.65823 
0.04106757 0.04074102 0.0002686652 0.4672905 0.6563718 1.917803 
0.04175095 0.04118097 0.0003730756 0.463845 0.6359981 1.444596 
0.04228434 0.04148069 0.0003982434 0.4789001 0.6233988 1.295192 
0.0424506 0.04065067 0.0004345794 0.4819202 0.6106566 1.265445 
0.04299911 0.04265937 0.0004289192 0.4700249 0.5957498 1.333501 
0.04228325 0.04211545 0.0002920581 0.5411319 0.5981049 1.889339 
0.043652 0.04349782 0.0002959199 0.5485279 0.6293151 1.930783 
0.04248588 0.04223718 0.0002276948 0.53558 0.6084046 2.386745 
0.04168755 0.04149532 0.0002257241 0.5588349 0.6246879 2.34681 
0.04187626 0.04171467 0.0002173718 0.5002358 0.6479214 2.524039 
0.04281027 0.04177803 0.0002412013 0.4799897 0.6548157 2.136951 
0.04361653 0.04332249 0.0002581029 0.4827563 0.5959017 2.150499 
0.04396788 0.04163367 0.0001941325 0.4644847 0.6323224 2.709133 
0.04224833 0.04221611 0.000170451 0.4548397 0.6499772 2.998631 
0.04160062 0.04140884 0.0001966634 0.4500887 0.6653036 2.740075 
0.04309908 0.04199695 0.0001954616 0.4497003 0.6476709 2.778063 
0.04266723 0.04253745 0.0002642951 0.4702213 0.5816304 2.178646 
0.04266342 0.04261097 0.0002522934 0.4361414 0.633885 2.127123 
0.04408814 0.04370817 0.0002444465 0.4357755 0.6443814 2.13092 
0.04471687 0.04255243 0.0002153779 0.4368938 0.6161152 2.477827 
0.04492639 0.04438959 0.0002267738 0.4499419 0.6284605 2.334525 
0.04459367 0.04369484 0.0003556955 0.4612057 0.6511906 1.616381 
0.04323694 0.04319642 0.0004080591 0.4266775 0.6362166 1.361713 
0.04271197 0.04255601 0.0003476811 0.4477116 0.6559522 1.535938 
0.04522309 0.04377139 0.0003025935 0.4396016 0.6305248 1.860131 
0.04462004 0.043971 0.0003146975 0.4428103 0.6357268 1.683614 
0.04407887 0.04356262 0.0003330329 0.4211421 0.6457604 1.559891 
0.04295332 0.04254613 0.0003486721 0.4184305 0.6179122 1.561675 
0.04113998 0.04101933 0.0003617943 0.4236415 0.6645047 1.392267 
0.04228954 0.0420883 0.000335427 0.4417959 0.6711041 1.568586 
0.04294708 0.04248307 0.000382221 0.4353787 0.6756808 1.408988 
0.04303093 0.04294582 0.0003909772 0.4279911 0.6390167 1.339152 
0.04192399 0.04187333 0.0004136465 0.4304333 0.6322803 1.311789 
0.04235143 0.0419796 0.0002860505 0.449296 0.6107957 1.933306 
0.04102856 0.04070315 0.0002068828 0.4419065 0.6461153 2.413892 
0.04130538 0.04075083 0.0001973687 0.4643453 0.6385359 2.728674 
0.04216841 0.04206795 0.0001948449 0.4733767 0.5966625 2.821548 
0.0432469 0.04279777 0.0002251334 0.4807078 0.6152402 2.403098 
0.04122229 0.04116914 0.0002847183 0.5050267 0.633634 1.799493 
0.04083969 0.04082963 0.0002738501 0.4829783 0.6363933 1.910344 
0.04183418 0.04122962 0.000304392 0.4625718 0.6496909 1.80492 
0.04256682 0.04252884 0.0002691681 0.455172 0.6626049 1.94743 
0.04255881 0.04218366 0.0002710378 0.446181 0.6477237 1.858662 
0.04266668 0.0426488 0.0002915825 0.4335808 0.6529638 1.869318 
0.0425254 0.04252345 0.0003990031 0.3995915 0.6777268 1.312872 
0.04312953 0.04277098 0.0003598896 0.4114998 0.6730564 1.464587 
0.04397566 0.04346383 0.0004235809 0.417487 0.6174452 1.256466 
0.04360303 0.04243888 0.0003441441 0.4257296 0.6345899 1.648923 
0.0427638 0.04196051 0.0003068127 0.4078339 0.6362239 1.725061 
0.04334489 0.04276892 0.0003414738 0.4434875 0.6149361 1.609759 
0.04324762 0.04274261 0.0004211309 0.4510625 0.6722326 1.191961 
0.04414972 0.04390347 0.0003707755 0.4748532 0.6395867 1.506159 
0.04452656 0.04434813 0.0004301537 0.467453 0.6001609 1.380594 
0.04362078 0.04312637 0.0003764178 0.4427064 0.620195 1.537938 
0.04303358 0.04267499 0.0003596568 0.4615724 0.6484905 1.533335 
0.04205185 0.04154138 0.0003820156 0.4758046 0.6143055 1.445191 
0.04339034 0.04332834 0.0003867153 0.4627665 0.6378126 1.416862 
0.04391938 0.04290603 0.0003274726 0.4826272 0.6187864 1.725871 
0.04386029 0.04383303 0.000235396 0.5068797 0.6097708 2.375995 
0.04427005 0.04385096 0.0001987123 0.4724505 0.6219378 2.606002 
0.04360698 0.04332794 0.0002326078 0.4773191 0.621625 2.408367 
0.04272762 0.04264368 0.0002038312 0.511625 0.6059358 2.663708 
0.04187568 0.04078692 0.0001962506 0.4994666 0.6346022 2.678059 
0.04118714 0.04110728 0.0003186822 0.4677248 0.6280794 1.734907 
0.04184052 0.04108343 0.0002924313 0.4217922 0.6401971 1.674715 
0.04269273 0.04267881 0.0003279014 0.4544704 0.6144949 1.728467 
0.04297486 0.04277951 0.0003434267 0.4188012 0.6135953 1.525518 
0.04291615 0.04277343 0.0003371208 0.3856016 0.6062431 1.611196 
0.04348485 0.0434771 0.0003050529 0.4167257 0.6372571 1.714015 
0.04363373 0.04299934 0.000340892 0.4661554 0.641985 1.623535 
0.04198647 0.04186243 0.0002797198 0.4858713 0.642903 1.938762 
0.04270799 0.04254585 0.0002286693 0.4810001 0.613099 2.440009 
0.0418793 0.0412744 0.0002175603 0.4484541 0.64974 2.225199 
0.04239864 0.04214488 0.0002148841 0.4813818 0.6318695 2.597639 
0.04354506 0.043015 0.0002809701 0.4616647 0.6186719 2.007001 
0.04207465 0.04201681 0.0002247246 0.4477337 0.6605698 2.314238 
0.04388118 0.0434075 0.0002574475 0.4511796 0.6256406 2.045681 
0.04397484 0.04326248 0.0002346629 0.437648 0.6443055 2.183509 
0.04338154 0.04293709 0.0003350723 0.4938932 0.6188859 1.712392 
0.04383061 0.04362673 0.0002868693 0.412118 0.6420321 1.822812 
0.04229799 0.04216801 0.0002380458 0.457115 0.6092499 2.378372 
0.04247431 0.04119075 0.0003140154 0.4398612 0.665352 1.6433 
0.04238972 0.04213407 0.0003201252 0.4390241 0.6239768 1.641247 
0.0429731 0.04289546 0.0003149857 0.3971603 0.626635 1.721066 
0.04393785 0.04364443 0.0003466066 0.4938747 0.6158674 1.702217 
0.04376652 0.04310271 0.0002990286 0.4683001 0.6075155 1.785087 
0.04306374 0.04294904 0.0003568912 0.439713 0.6403535 1.633322 
0.0437313 0.04275689 0.000326599 0.4410768 0.6309954 1.706242 
0.0427987 0.04269437 0.0003364549 0.4563325 0.6174741 1.670292 
0.04250823 0.041861 0.0004009828 0.454487 0.6448962 1.42192 
0.04334298 0.04267246 0.0003586544 0.484193 0.6157301 1.571329 
0.04212363 0.04175898 0.0004209367 0.5025848 0.6334467 1.410584 
0.04263952 0.04200264 0.00035411 0.5458314 0.6279362 1.589353 
0.04206063 0.0420324 0.000408665 0.5284255 0.6090841 1.41007 
0.04203456 0.04184282 0.0003043734 0.4537806 0.6514283 1.763759 
0.04260129 0.04191194 0.0003453719 0.4751656 0.6094849 1.613985 
0.04298802 0.04297075 0.0003323659 0.4616682 0.6208238 1.602276 
0.04357365 0.04280463 0.0003543784 0.4270485 0.6249839 1.545413 
0.04382099 0.0437951 0.0003387975 0.4512841 0.6069135 1.630673 
0.0429737 0.04279041 0.0003536283 0.4547528 0.6239577 1.609309 
0.04417962 0.04307996 0.0003790198 0.4567539 0.6471004 1.486536 
0.04393988 0.04379856 0.0003925302 0.4779503 0.606672 1.42894 
0.04292375 0.04271806 0.0002498039 0.450317 0.6424024 2.184122 
0.04192626 0.04183007 0.0002613653 0.470052 0.6143049 1.87838 
0.0428415 0.04262162 0.0002982864 0.4412035 0.6179031 1.919074 
0.04357128 0.04307897 0.0002545497 0.4760539 0.6424203 2.157974 
0.04251116 0.04244685 0.0002627272 0.4420745 0.6334932 1.937256 
0.0422527 0.04182692 0.0002801577 0.4652102 0.6412821 1.933206 
0.04133261 0.04108506 0.0003289944 0.4158664 0.6580441 1.554078 
0.04109259 0.04074139 0.00030667 0.5028543 0.6752705 1.790522 
0.04323232 0.04298083 0.0003375393 0.4446175 0.6032742 1.524382 
0.04274757 0.04270052 0.0003221899 0.4609588 0.6324099 1.552498 
0.04282047 0.04248336 0.0002803112 0.4842262 0.651194 1.86584 
0.04275782 0.04235891 0.000241806 0.4237363 0.6328112 2.066692 
0.04327684 0.04257032 0.0002032603 0.4444112 0.6327104 2.84021 
0.04313928 0.04310519 0.0001700454 0.4560751 0.6445855 2.969013 
0.04344628 0.04322856 0.0001630776 0.4652988 0.6117117 3.274576 
0.04354221 0.043474 0.0001604774 0.4712742 0.6607893 3.265725 
0.04341171 0.04338128 0.0001974348 0.4795936 0.6228927 2.686407 
0.04347598 0.0428223 0.0002068861 0.5038645 0.6315378 2.776558 
0.04430608 0.04411785 0.0002129048 0.5113205 0.5961202 2.711754 
0.04382741 0.04374277 0.0002253059 0.5065163 0.601765 2.477355 
0.0419416 0.0415784 0.0001899422 0.4869553 0.6426387 2.688312 
0.04233547 0.04118302 0.0002698058 0.4544793 0.6435889 1.935509 
0.04243993 0.04229123 0.0003302431 0.473941 0.6110068 1.684067 
0.04350975 0.04339776 0.0002996014 0.4772103 0.6123417 1.786935 
0.04231297 0.04231245 0.0002811486 0.4676779 0.635694 1.867401 
0.04300447 0.04259559 0.000253756 0.471068 0.6352607 2.224206 
0.04410562 0.04406232 0.0002766206 0.4661884 0.6284177 1.886566 
0.04437215 0.04432552 0.0003014016 0.4674257 0.6184137 1.842283 
0.04492865 0.04482159 0.000368257 0.4543938 0.6204324 1.470196 
0.04131628 0.04130355 0.0003021829 0.4332708 0.6350101 1.790315 
0.04258329 0.04195784 0.0002491085 0.4239088 0.628608 2.064311 
0.0416218 0.04087687 0.0002882115 0.4439726 0.6525213 1.759562 
0.04284465 0.04262838 0.0002866611 0.4473667 0.6230404 1.843381 
0.04226606 0.04217482 0.0002669168 0.4327629 0.6202696 1.955781 
0.04214565 0.04167026 0.0002658617 0.4553917 0.6558519 2.084102 
0.04216225 0.04208757 0.000268674 0.4437544 0.6156755 1.91897 
0.04365851 0.04361204 0.0003121023 0.4145413 0.6168522 1.603625 
0.04160802 0.04129693 0.000233553 0.4585441 0.6392346 2.1595 
0.04147043 0.04106055 0.0002694642 0.4751504 0.6325501 1.989604 
0.04178888 0.04096569 0.0003289235 0.4441763 0.6299981 1.539751 
0.04199061 0.04176457 0.0003888541 0.4267093 0.649191 1.445948 
0.04416581 0.044152 0.0004420956 0.4467158 0.614733 1.298403 
0.04298242 0.04263233 0.0004130442 0.5084395 0.6092416 1.436605 
0.0421606 0.0421191 0.0003334155 0.4714227 0.6100603 1.600442 
0.04227154 0.04209583 0.0002885643 0.5151179 0.5990943 1.854977 
0.0425241 0.0424363 0.0003491134 0.4659341 0.6173155 1.549573 
0.04264072 0.04155642 0.0003667316 0.4747651 0.6270758 1.543661 
0.04297614 0.04273423 0.0003041542 0.4873297 0.6545032 1.711038 
0.04283795 0.04070453 0.0002231041 0.5004073 0.6303427 2.488895 
0.04153467 0.04103147 0.0002434538 0.4710788 0.6468161 2.115182 
0.04117131 0.04063793 0.000273123 0.4727273 0.6405001 1.876995 
0.04192037 0.04133351 0.0002549803 0.5003322 0.6330466 2.069221 
0.04172035 0.04154084 0.0002625541 0.4884976 0.6201867 2.025516 
0.04337423 0.04149939 0.0003571402 0.4542981 0.6312981 1.527537 
0.04173392 0.04128951 0.0003755932 0.4710911 0.6570477 1.414324 
0.04248905 0.04219785 0.0003855826 0.5107083 0.6214443 1.443082 
0.04464835 0.04453935 0.0003466343 0.4878573 0.6226566 1.592117 
0.04282506 0.04250506 0.0003391686 0.4983679 0.6283302 1.632611 
0.04368304 0.04353661 0.0003549404 0.4948265 0.5942067 1.580878 
0.04555209 0.04526008 0.0003450714 0.4251898 0.6295257 1.550118 
0.04435424 0.043822 0.0003745452 0.4289324 0.6258765 1.452316 
0.04466876 0.04433717 0.0002454317 0.463649 0.6211413 2.345675 
0.04410003 0.04358727 0.000313334 0.4161803 0.6313749 1.694465 
0.04312336 0.04265293 0.0003093621 0.4276831 0.6495089 1.693367 
0.0436252 0.0434418 0.000260746 0.4519169 0.6381845 2.077171 
0.04387591 0.04298271 0.0003656111 0.4629171 0.6260155 1.559771 
0.04324929 0.04319719 0.0002799274 0.4771632 0.6059059 1.893487 
0.04279892 0.04265021 0.0002770088 0.4634027 0.6106996 2.031423 
0.04307039 0.04223491 0.0004110402 0.5062394 0.6053781 1.335565 
0.04168515 0.04156563 0.0005012987 0.4601835 0.6537175 1.137604 
0.04108911 0.04072422 0.0005555159 0.4704759 0.6268947 1.051769 
0.04130196 0.03973756 0.0005225924 0.4561039 0.6389393 1.041757 
0.04060324 0.04003474 0.0004649852 0.46463 0.6387105 1.156819 
0.04141652 0.04127413 0.0005749313 0.4826402 0.6445226 0.9948585 
0.04297704 0.04288146 0.0005172663 0.4226836 0.6317926 1.064062 
0.04313978 0.04298572 0.0004068152 0.4558831 0.6173916 1.327192 
0.04277728 0.04251037 0.0003674902 0.5018586 0.6420103 1.562764 
0.04297653 0.04271714 0.0002825757 0.4285946 0.6414519 1.843998 
0.04226134 0.0417413 0.0002882574 0.4343808 0.6375558 1.738792 
0.04221052 0.04213525 0.0002667931 0.4785036 0.6147925 2.046024 
0.04186506 0.0417509 0.0002035039 0.4939178 0.631493 2.613477 
0.04347515 0.04332053 0.0001813299 0.4344627 0.6148151 2.762331 
0.04457175 0.04424645 0.0002065808 0.4388574 0.6144005 2.685525 
0.04433748 0.04430128 0.0002230962 0.4773889 0.6054174 2.592586 
0.04360502 0.04289 0.0001872532 0.4602017 0.6383876 2.918082 
0.04354427 0.04219972 0.0001760583 0.4679704 0.6211534 3.008911 
0.04181517 0.04140912 0.0001422158 0.4573445 0.6516045 3.481394 
0.04166012 0.04165062 0.000168459 0.4843818 0.6221744 3.365587 
0.04238665 0.0421056 0.0002174619 0.447983 0.6163987 2.525128 
0.04289858 0.04238741 0.0002654317 0.4540245 0.6259275 2.145723 
0.04348673 0.04341528 0.0003023923 0.4814736 0.6463077 1.7598 
0.04480744 0.04446654 0.0002624829 0.4917407 0.6152804 2.245659 
0.04325956 0.04322543 0.0002797564 0.4618554 0.6293514 1.879399 
0.04480718 0.04464006 0.0004214499 0.4261632 0.6380786 1.287661 
0.0417571 0.04165225 0.0004019429 0.4142333 0.6472364 1.274932 
0.04381801 0.0437081 0.0002731803 0.4465341 0.6247235 2.054067 
0.04368495 0.04328282 0.0002720621 0.4859591 0.6410464 2.128065 
0.0442294 0.04410125 0.0003185849 0.4721558 0.6316615 1.739874 
0.04374435 0.04364511 0.0002647585 0.4542954 0.637366 2.182527 
0.04382814 0.04333172 0.0002551347 0.4546703 0.6176529 2.150067 
0.04260731 0.04218893 0.0002638311 0.4946429 0.6023019 2.031065 
0.04187088 0.04138133 0.0003211789 0.4714899 0.6426197 1.614198 
0.04184699 0.04135224 0.0003674492 0.5121921 0.6063718 1.551253 
0.04212809 0.0420259 0.0004121171 0.4883136 0.6281096 1.42115 
0.04172835 0.04108126 0.0003720844 0.4752014 0.6358179 1.426365 
0.04275436 0.04227836 0.0002829582 0.4977167 0.6204277 1.849919 
0.04278469 0.0427083 0.00028943 0.4936993 0.6335885 1.922821 
0.04321542 0.04314618 0.0002603762 0.4666883 0.6528467 2.192979 
0.04328954 0.04323363 0.0003426787 0.4338563 0.6430965 1.633826 
0.0432304 0.04219746 0.0003151254 0.4509471 0.6559345 1.722515 
0.04187103 0.04172656 0.0002014567 0.4364603 0.657838 2.515549 
0.04428356 0.04367921 0.0002766527 0.4113329 0.6427829 1.892551 
0.04405817 0.04397232 0.0003009283 0.4630113 0.6208702 1.791265 
0.0438252 0.04379903 0.0002227747 0.455291 0.6205941 2.342252 
0.04523448 0.04522826 0.0002036631 0.4436825 0.6338345 2.68771 
0.04414673 0.04346491 0.0002186567 0.4407025 0.6084216 2.405864 
0.04298089 0.04274113 0.0002005592 0.416854 0.611679 2.610306 
0.04334263 0.04316547 0.0001931993 0.4182476 0.6361448 2.691414 
0.04261063 0.04240356 0.0001629678 0.4532069 0.6260555 3.162374 
0.04153005 0.04142908 0.0001851149 0.4897961 0.6598038 2.970809 
0.04170733 0.04112302 0.0001990049 0.4591878 0.6513603 2.684368 
0.04154541 0.04122121 0.0001856281 0.4640205 0.6526772 2.771291 
0.04231475 0.0422967 0.0002362867 0.4328281 0.6459987 2.323955 
0.04231981 0.04192581 0.0002685531 0.4598932 0.6706779 1.967503 
0.04169646 0.0410731 0.000276469 0.5171957 0.6462807 1.896785 
0.04443401 0.04404638 0.0002777465 0.4547651 0.6001021 1.98981 
0.04312336 0.04288744 0.0002711789 0.4361148 0.6368855 2.069398 
0.04321483 0.04264298 0.0003303358 0.4694279 0.6180689 1.710363 
0.04487996 0.04404961 0.0003018643 0.4305012 0.6100017 1.753263 
0.04380789 0.04356418 0.000367368 0.4347155 0.6268552 1.584808 
0.04337868 0.0432574 0.0003456033 0.5022953 0.6151431 1.651656 
0.04323035 0.04288214 0.0003651988 0.5010236 0.6033521 1.509678 
0.04240643 0.04186029 0.0003433029 0.4582192 0.6225302 1.522767 
0.04232487 0.04220203 0.0003125344 0.5097664 0.5902232 1.740403 
0.04430985 0.04415023 0.0003188011 0.4353172 0.623446 1.652791 
0.04403997 0.04397342 0.0003673124 0.4683126 0.6370898 1.4601 
0.04331977 0.04306886 0.0003894947 0.4698375 0.6213027 1.452398 
0.04383123 0.04369269 0.0003641095 0.4279035 0.6386443 1.451129 
0.04476446 0.04358935 0.0002471411 0.438474 0.6440951 1.987374 
0.04373296 0.04333088 0.0003992042 0.4427758 0.5952421 1.356147 
0.04362257 0.04340018 0.0004346603 0.4500047 0.6359643 1.250175 
0.0432902 0.04289539 0.000453172 0.4597931 0.637514 1.161808 
0.04343411 0.04330387 0.0003207749 0.4219942 0.6519264 1.652537 
0.04272952 0.04260382 0.000274609 0.4115564 0.6417025 1.855467 
0.04338672 0.04338283 0.0003101758 0.4257984 0.6348599 1.725837 
0.04225296 0.04217343 0.0003309227 0.4658441 0.6408874 1.607863 
0.04180191 0.04138889 0.000263363 0.474114 0.653128 1.974709 
0.04157835 0.04150556 0.0002632276 0.4771164 0.6379928 2.054145 
0.0419811 0.04169303 0.0003189307 0.4645027 0.6357605 1.783685 
0.04379674 0.04272036 0.0003649461 0.433751 0.6459875 1.476531 
0.04336527 0.04300944 0.0003577347 0.4462714 0.617505 1.536604 
0.04454652 0.04448395 0.0002876655 0.4398509 0.6239615 1.978522 
0.04446884 0.04421966 0.0002972367 0.4208189 0.6097866 1.82772 
0.04510642 0.04504323 0.0003599858 0.4122802 0.6076232 1.454842 
0.04460317 0.04390249 0.0004154399 0.3912004 0.6679777 1.313821 
0.04362505 0.04356721 0.000417978 0.400007 0.6191856 1.293681 
0.04271868 0.04209733 0.0003301691 0.456289 0.6265619 1.664555 
0.04314985 0.04243043 0.0003411938 0.4822998 0.6213415 1.609541 
0.04263781 0.04241471 0.0002615341 0.4888101 0.6315799 1.926867 
0.04316844 0.04290917 0.0002862287 0.525242 0.611932 1.967963 
0.04359472 0.04345812 0.0002648605 0.5082661 0.6298926 2.131056 
0.04311868 0.04276641 0.0002055347 0.5142366 0.6230913 2.536866 
0.04353164 0.0433329 0.0002383427 0.4496972 0.6363274 2.144175 
0.04476839 0.04369997 0.0003736589 0.464193 0.6055258 1.502553 
0.04355675 0.04348473 0.0003894985 0.4862774 0.6344392 1.454332 
0.04327213 0.04285182 0.000310704 0.455226 0.6205051 1.742606 
0.04300336 0.0426716 0.0004521983 0.4157108 0.6345158 1.239491 
0.04307953 0.04289727 0.0003773392 0.4427505 0.64475 1.455371 
0.04208538 0.04161332 0.0002920845 0.4651206 0.6463528 1.791458 
0.04345361 0.0432369 0.0002699285 0.4277804 0.6565005 1.901851 
0.04337979 0.04324546 0.0002761954 0.4226825 0.662626 1.889858 
0.04449165 0.04430355 0.000381234 0.4536266 0.607071 1.47451 
0.04357006 0.0434829 0.0003080557 0.4307531 0.6476148 1.701519 
0.04292905 0.04226631 0.0003446064 0.4051056 0.6550704 1.596319 
0.04341656 0.04333269 0.0002915614 0.4362184 0.6688349 1.836387 
0.04439909 0.04427476 0.000240376 0.4696479 0.6024091 2.287666 
0.04332507 0.04331214 0.0002286837 0.4435512 0.6296984 2.352512 
0.04296735 0.04275476 0.0002283311 0.4598486 0.623033 2.28666 
0.04314575 0.04301454 0.0002695322 0.3775167 0.6283371 1.998993 
0.04111389 0.04106659 0.0002901306 0.4384788 0.6586195 1.812881 
0.04154274 0.04141114 0.0003163455 0.4558741 0.6318926 1.719561 
0.04176297 0.04131363 0.0003075672 0.454459 0.6555817 1.707969 
0.04169383 0.04158045 0.0002551941 0.4703343 0.6489003 2.234751 
0.04224415 0.04210827 0.0002059996 0.464182 0.6045977 2.560611 
0.04396382 0.04313639 0.0002334875 0.4650217 0.6113556 2.333711 
0.04348112 0.04313111 0.0003253686 0.4077737 0.6509239 1.607035 
0.04424531 0.04385585 0.0002976456 0.4338923 0.6334953 1.807976 
0.04330565 0.04320244 0.0002877576 0.4708647 0.645708 1.934138 
0.04274421 0.04262753 0.0002289065 0.4466403 0.6061833 2.406517 
0.04370403 0.04347016 0.0002564408 0.4236248 0.6553444 2.096989 
0.04307798 0.04244842 0.0002423347 0.4656535 0.6637535 2.324211 
0.04292873 0.04255845 0.0003220782 0.4756732 0.6465424 1.663591 
0.04267199 0.04135879 0.0002475209 0.4521534 0.6570368 2.200291 
0.04229706 0.04224239 0.000306331 0.464018 0.6337698 1.712579 
0.04156922 0.04137146 0.0002848557 0.4561199 0.6598248 1.828642 
0.04191745 0.04189915 0.0003165348 0.4955134 0.6333385 1.781689 
0.04205148 0.04161871 0.0003592975 0.4478104 0.6309012 1.484534 
0.04185178 0.04094548 0.0003491965 0.4639169 0.6206759 1.587327 
0.04275825 0.04264676 0.000306219 0.4461067 0.6576515 1.69099 
0.04223188 0.0414751 0.0003072558 0.4465997 0.6461725 1.670159 
0.04138179 0.0412421 0.0002247028 0.5087711 0.6029965 2.284323 
0.04165128 0.0414553 0.0002423194 0.5179347 0.6151876 2.306743 
0.04155619 0.04147017 0.00027199 0.5007891 0.6648641 1.802229 
0.04069659 0.04060226 0.0002420347 0.4833472 0.6599014 2.156464 
0.04076514 0.04064084 0.0002424322 0.4848291 0.6527813 2.213958 
0.04114703 0.04071161 0.0002325736 0.4457248 0.6939907 2.171731 
0.04249099 0.04235971 0.0002640214 0.4102347 0.6380168 1.882424 
0.04205315 0.04149821 0.0002846434 0.4539278 0.6752472 1.786377 
0.0433587 0.04332169 0.000403382 0.4638269 0.6237586 1.392574 
0.04342259 0.04333467 0.0003265699 0.4556485 0.6115442 1.650185 
0.04323761 0.04305493 0.0002772505 0.5060872 0.6213614 1.861501 
0.04297746 0.04251541 0.0002718003 0.4757344 0.6107326 2.00509 
0.04290817 0.04279003 0.0003118088 0.4378162 0.6734766 1.687385 
0.04357758 0.04349299 0.000525647 0.4616291 0.6171364 1.092685 
0.04407848 0.04322329 0.0004431702 0.4314623 0.6264558 1.207157 
0.04270152 0.04204877 0.0005776705 0.4383386 0.63703 1.014838 
0.04295504 0.04231984 0.0005648629 0.4321364 0.6740423 0.9642616 
0.04177225 0.04061906 0.0004796371 0.4019936 0.6338169 1.137254 
0.04249161 0.04188066 0.0003480163 0.4829813 0.6310672 1.593041 
0.04171552 0.04075432 0.0002856103 0.4694398 0.6186847 1.806958 
0.04160217 0.04139026 0.0003117593 0.4606084 0.6292561 1.577035 
0.04282263 0.04232554 0.0003090124 0.475866 0.6228808 1.627793 
0.0429708 0.04294153 0.0002738335 0.4222864 0.6367707 1.887748 
0.04439022 0.04367859 0.0002398725 0.4152518 0.6340601 2.231493 
0.04271066 0.04263919 0.0003298679 0.484616 0.6077265 1.794492 
0.04370287 0.04365157 0.0002262147 0.4054903 0.6300002 2.270929 
0.04246603 0.04226774 0.000236792 0.4001691 0.6255836 2.135675 
0.04393075 0.0428977 0.0001732977 0.4870926 0.6071202 3.065355 
0.04274977 0.04193406 0.0002220204 0.4544231 0.6114782 2.385062 
0.04221659 0.042199 0.0002104352 0.449185 0.670072 2.60306 
0.04144817 0.04130223 0.0002418472 0.4425976 0.6351879 2.154191 
0.04303829 0.04262222 0.0002338228 0.4776555 0.6208332 2.225756 
0.04408594 0.04389358 0.0002361348 0.4762857 0.6404528 2.35664 
0.04315225 0.04268763 0.0002491173 0.4380818 0.6565472 2.211963 
0.04594171 0.04583032 0.0002863604 0.4484833 0.6192323 1.901062 
0.04568071 0.04550863 0.000312037 0.4799489 0.6287005 1.834285 
0.04523447 0.04496118 0.0004118058 0.4543855 0.6143225 1.336425 
0.04419768 0.04397181 0.0003787568 0.448759 0.6108137 1.476462 
0.04246403 0.0422688 0.0003584854 0.4500307 0.6448558 1.626278 
0.04303063 0.04297217 0.0002718444 0.4437584 0.6188901 1.977925 
0.04408624 0.04321467 0.0002647735 0.4426024 0.6468912 2.03144 
0.04318026 0.04290773 0.0003223695 0.4592001 0.619566 1.641334 
0.04267756 0.04244593 0.0003200425 0.463162 0.6336357 1.716279 
0.04188693 0.0409525 0.0003168929 0.507133 0.6278979 1.760527 
0.04277184 0.0427553 0.0003567865 0.4617129 0.6186466 1.516744 
0.04424277 0.04413982 0.0004425912 0.4796384 0.5921672 1.324841 
0.04386954 0.04341746 0.0003972757 0.4395189 0.6221743 1.407215 
0.0435462 0.04335569 0.0003724404 0.4498157 0.6521248 1.44308 
0.04405942 0.04392026 0.0002561314 0.4538244 0.6290598 2.080736 
0.04233368 0.04227791 0.000252984 0.4591996 0.6357114 2.131113 
0.04240645 0.04192226 0.0002793987 0.4216223 0.6569095 1.923404 
0.04515296 0.04440766 0.000372494 0.4751067 0.618001 1.572225 
0.04326172 0.04310949 0.0003474677 0.453364 0.651793 1.584776 
0.04338846 0.04333131 0.0003323699 0.4517741 0.6479164 1.627109 
0.043987 0.04393923 0.0004059366 0.4549735 0.6130614 1.377666 
0.0434019 0.0433882 0.0006023322 0.4343456 0.6309885 0.9733538 
0.04224604 0.04207841 0.0003925614 0.4233191 0.638476 1.351018 
0.04302587 0.04290757 0.0004736274 0.4590346 0.6480394 1.140745 
0.04340934 0.04245188 0.0002476045 0.4165688 0.655914 2.068762 
0.04481294 0.04345805 0.0002815346 0.4301819 0.6382838 1.972889 
0.04404101 0.04392341 0.000230033 0.4636932 0.6151452 2.403351 
0.04392202 0.04276488 0.0002122168 0.4545252 0.6393551 2.435138 
0.04448189 0.0440388 0.0002205529 0.4327427 0.6434092 2.370118 
0.04515179 0.04499438 0.0002639412 0.4792895 0.6376599 2.189792 
0.04411973 0.04375409 0.0002732086 0.4826178 0.6142931 1.941493 
0.04463539 0.04459193 0.0003378379 0.5171372 0.5787295 1.754815 
0.04413416 0.04385529 0.0003478332 0.4116616 0.6244678 1.531529 
0.04407378 0.04402682 0.0002853158 0.4391487 0.6277473 1.95106 
0.04228077 0.04220295 0.0002863211 0.4259846 0.6535555 1.823004 
0.04458197 0.04420217 0.0002379981 0.4643135 0.6086208 2.258 
0.04393601 0.04371294 0.0002300407 0.4920951 0.5837347 2.433947 
0.04467482 0.04376822 0.0002190072 0.4714982 0.6257513 2.476095 
0.04334339 0.04295532 0.0002117464 0.5051491 0.617401 2.566573 
0.04314978 0.04212165 0.0002390063 0.5239742 0.5993696 2.374102 
0.0422616 0.04170708 0.0002370554 0.4706272 0.6452045 2.369899 
0.04186732 0.04151112 0.0003136798 0.4986821 0.6474115 1.758417 
0.04338381 0.04329686 0.0003805519 0.5101162 0.6140152 1.550165 
0.04335304 0.04293128 0.0003731732 0.5342462 0.6295275 1.586012 
0.04253542 0.04250672 0.0004079142 0.5454118 0.6131157 1.468028 
0.0422437 0.04221395 0.000404734 0.517842 0.6371819 1.435627 
0.04160678 0.04138025 0.0004485722 0.4920969 0.646487 1.244323 
0.0420774 0.04148652 0.0003368668 0.4766677 0.6089157 1.630815 
0.04283188 0.04271881 0.0003832688 0.5138596 0.6347281 1.458505 
0.04268735 0.04259675 0.000378937 0.5030935 0.590002 1.52436 
0.04395321 0.04394568 0.0003183589 0.4175418 0.6375433 1.655265 
0.04356667 0.04335373 0.0002661674 0.4186221 0.6490718 1.901808 
0.04336651 0.04307944 0.000206477 0.4409417 0.6305467 2.734916 
0.04349595 0.04349266 0.0002391021 0.4490448 0.6237741 2.226599 
0.04429692 0.04414152 0.000216007 0.4528626 0.648971 2.488589 
0.04455919 0.04358244 0.0002509829 0.4043085 0.6239866 2.278883 
0.04131671 0.04105841 0.0002217611 0.4575005 0.6279014 2.321826 
0.04217906 0.04195169 0.0001687992 0.4887643 0.6230441 3.123613 
0.04203297 0.04187919 0.0001833763 0.4701283 0.6225981 2.96252 
0.04188322 0.04177727 0.0002018413 0.4556192 0.6309374 2.715666 
0.04120211 0.04106301 0.0002126646 0.4167008 0.6757373 2.273711 
0.04218386 0.04191245 0.0001900461 0.4263607 0.6296825 2.546392 
0.04363684 0.0432874 0.0001647578 0.4325335 0.6546314 3.079814 
0.04384865 0.04379608 0.0001685677 0.4352106 0.6349673 3.158425 
0.04317121 0.04315318 0.0002109272 0.4136327 0.6385249 2.389094 
0.04335666 0.04288091 0.0003158098 0.4254085 0.6228086 1.722754 
0.04385573 0.0428676 0.0002886487 0.4562405 0.6210778 1.894863 
0.04384204 0.04331737 0.0002634688 0.4632868 0.6234382 2.010184 
0.04397581 0.04376222 0.0002573439 0.4287349 0.6463052 2.02886 
0.04348815 0.04345755 0.0001683659 0.4890079 0.6056054 3.100011 
0.04420279 0.04415967 0.0002387826 0.4482574 0.6046042 2.366663 
0.04494989 0.04380099 0.0002050776 0.4753396 0.6459007 2.662593 
0.04462418 0.044255 0.0001836488 0.4322234 0.6436732 2.982739 
0.04263009 0.04259086 0.0002349612 0.4782007 0.6141218 2.213872 
0.04334879 0.04333804 0.0002585655 0.4407815 0.6190156 1.996467 
0.04323965 0.04315986 0.0002774121 0.3957181 0.6579776 1.917907 
0.04364576 0.04334988 0.0002798619 0.4248863 0.6310265 2.038257 
0.04478266 0.0442436 0.0002682882 0.4399352 0.6465791 2.043791 
0.0432895 0.04274289 0.0002169846 0.4097373 0.6065257 2.37024 
0.04387638 0.0434216 0.0003160717 0.450256 0.6444051 1.663527 
0.04312766 0.04252027 0.0002724191 0.4836294 0.6399336 2.117148 
0.04266862 0.04240721 0.0002825708 0.5178934 0.6195556 1.973619 
0.04282696 0.0426505 0.0003290172 0.5052641 0.6256953 1.718769 
0.04370031 0.04346939 0.0003804314 0.5311997 0.5938156 1.57761 
0.04384735 0.04283446 0.0003592039 0.5230904 0.61782 1.530278 
0.04288767 0.04287629 0.0004330031 0.4732006 0.6211354 1.369859 
0.04370575 0.04361671 0.0003983255 0.472275 0.6347792 1.385929 
0.04387934 0.04355139 0.0004560982 0.4732767 0.6359302 1.230293 
0.04384865 0.0431923 0.0003650808 0.4283743 0.6229476 1.471344 
0.04335743 0.04332778 0.0003204381 0.4627197 0.6213572 1.768499 
0.04337942 0.04336652 0.0003469058 0.4465705 0.6338355 1.697279 
0.04307776 0.04295218 0.0004209946 0.4574543 0.6351329 1.380635 
0.04170975 0.0415088 0.0004154342 0.4547173 0.6423795 1.295429 
0.04349093 0.04318738 0.0003407163 0.4770857 0.6461931 1.615928 
0.0422666 0.0422229 0.0003178316 0.4932908 0.6234303 1.733191 
0.04202299 0.04180336 0.0003495951 0.423503 0.6220906 1.516444 
0.04468488 0.04460463 0.0003072642 0.4420087 0.6006497 1.889822 
0.0447907 0.04467577 0.0003505468 0.4579632 0.6245614 1.603723 
0.04546936 0.04546475 0.0003455459 0.4991122 0.6012786 1.718225 
0.0444275 0.04413074 0.0003844306 0.467866 0.6145752 1.471929 
0.04558019 0.04512685 0.000387223 0.4614729 0.5854693 1.570058 
0.04339886 0.04294756 0.0003113672 0.4527312 0.62609 1.748452 
0.04412603 0.04335731 0.0003502639 0.441523 0.645813 1.534065 
0.04154569 0.04147578 0.0003243161 0.4990751 0.6313538 1.652877 
0.04297001 0.042732 0.0003021048 0.4506156 0.6661381 1.829471 
0.04234807 0.04157728 0.0003642394 0.4518301 0.6331675 1.52972 
0.04253286 0.04227078 0.0003315427 0.4754744 0.6170782 1.663041 
0.0425724 0.04243496 0.000368767 0.4704663 0.5988465 1.49604 
0.04380148 0.04376019 0.0003459681 0.4365616 0.6374204 1.605042 
0.04380505 0.04377555 0.000324389 0.4643529 0.6509826 1.699633 
0.04226792 0.04191191 0.0002831413 0.4271864 0.6264584 1.829072 
0.0418204 0.0413699 0.0002466311 0.4433148 0.6492771 2.115127 
0.04209632 0.04098954 0.000240535 0.4620266 0.6795654 2.204644 
0.04280098 0.04260656 0.0002180651 0.4656069 0.620269 2.368888 
0.04186968 0.04180591 0.0003005054 0.445512 0.6603742 1.776782 
0.04303352 0.04264136 0.0002605467 0.4506815 0.6452533 2.062254 
0.04300236 0.04283711 0.0002531375 0.4850261 0.6244026 2.216081 
0.04342385 0.04307283 0.0001942323 0.4209902 0.6488546 2.59204 
0.0432796 0.04312287 0.000208096 0.4587679 0.6361852 2.504153 
0.0427152 0.04257256 0.0002856699 0.4299669 0.6336994 1.776577 
0.04170032 0.04163407 0.0004374502 0.4808247 0.640458 1.311432 
0.04215436 0.04160657 0.0003899731 0.4727332 0.6383869 1.346063 
0.04199406 0.04180836 0.0003626783 0.4529444 0.6144009 1.467093 
0.04236691 0.0422407 0.0004564699 0.4631861 0.6412028 1.196451 
0.04162488 0.04130028 0.0005181007 0.4712621 0.6126731 1.105101 
0.04144645 0.04112988 0.0005639937 0.4789358 0.6636422 1.019873 
0.04163465 0.04141459 0.0003867866 0.4345531 0.6587704 1.300064 
0.0440005 0.04360301 0.0002938877 0.4316859 0.6422457 1.740056 
0.04347274 0.04331523 0.0003473989 0.4465169 0.6335623 1.599579 
0.0431031 0.04262367 0.0003390412 0.5121546 0.6279251 1.677188 
0.04309132 0.0426329 0.0003375216 0.4756822 0.6187445 1.565768 
0.04392865 0.0435571 0.000417572 0.5004165 0.5926413 1.44172 
0.04294706 0.04244336 0.0004105214 0.4893676 0.6105849 1.399484 
0.04302129 0.04263616 0.0004133535 0.4748536 0.6162417 1.357089 
0.04263365 0.04219374 0.0005073889 0.463592 0.6409592 1.037661 
0.04140215 0.04116639 0.0004100274 0.4093262 0.6629315 1.269927 
0.04255101 0.04189999 0.0004191694 0.4022363 0.6636919 1.2182 
0.04380456 0.04368016 0.0003718045 0.4224231 0.6308129 1.451807 
0.04266131 0.04236065 0.0003823163 0.4176605 0.6178121 1.343762 
0.04252607 0.04175383 0.0003674875 0.4331026 0.6417229 1.494579 
0.04283248 0.04244428 0.0003997475 0.4563027 0.6178459 1.30236 
0.04270099 0.04217353 0.0002919759 0.4088634 0.6065394 1.765864 
0.04182208 0.04139585 0.0002800033 0.4253203 0.6527763 1.888773 
0.04345491 0.04343743 0.000227213 0.4175254 0.6299054 2.346632 
0.04357022 0.04316781 0.0001625207 0.4604612 0.6252381 3.177352 
0.04126874 0.04095359 0.0001603714 0.4449076 0.6648079 3.020631 
0.04248574 0.04109845 0.0001828322 0.481127 0.6263626 2.910339 
0.04196466 0.04188929 0.0002060196 0.4291506 0.6535956 2.310231 
0.04407777 0.04248034 0.0001961489 0.436023 0.62484 2.782612 
0.0423634 0.0423252 0.0002154086 0.4753989 0.645759 2.429436 
0.04241885 0.04227845 0.0002428695 0.4648174 0.6211522 2.201098 
0.04273735 0.04265176 0.0002609427 0.5177509 0.6113111 2.081841 
0.04305468 0.04291232 0.0003229307 0.4716286 0.6471805 1.766051 
0.04380413 0.043662 0.0003523944 0.479136 0.6401195 1.553167 
0.04371765 0.04359341 0.0002697473 0.4471651 0.6248333 1.956368 
0.0437841 0.04322935 0.0002633243 0.4899761 0.6365026 2.04578 
0.0437308 0.04348561 0.0002692748 0.450536 0.5951154 2.010551 
0.0450061 0.0449513 0.0003684691 0.4322613 0.6330318 1.482383 
0.04397436 0.04325135 0.0003575658 0.4773462 0.6331707 1.57436 
0.04282741 0.04179436 0.0002499777 0.4698067 0.630546 2.006332 
0.04369053 0.04331127 0.0002576474 0.4750317 0.6132005 2.157715 
0.04180727 0.04098088 0.0002376023 0.5193468 0.6363045 2.286989 
0.0426652 0.04187057 0.0001985602 0.4658012 0.6365015 2.633163 
0.04372498 0.04343333 0.0002199148 0.4031013 0.6325543 2.351111 
0.04405544 0.04313189 0.0002498257 0.4215874 0.6608696 2.089344 
0.04412887 0.04340009 0.0002390179 0.4651681 0.6154714 2.351409 
0.04250033 0.0424246 0.0002187953 0.5148045 0.6503679 2.582307 
0.04187998 0.04187295 0.000212872 0.4900786 0.6303591 2.505542 
0.04307902 0.04306638 0.0002093174 0.4464478 0.6332087 2.499473 
0.04256597 0.04230681 0.000255381 0.4682401 0.6497264 2.098965 
0.04273152 0.04264524 0.0003051012 0.4704246 0.6178343 1.802946 
0.04287119 0.04193675 0.0002898443 0.4329496 0.637138 1.753939 
0.04235166 0.04222495 0.0004270191 0.4676521 0.6495837 1.31139 
0.0426982 0.04245443 0.0005178777 0.4825426 0.6440437 1.132241 
0.04308969 0.04289851 0.0005621429 0.4814241 0.6366462 1.044966 
0.04098093 0.04076305 0.0004801622 0.4650836 0.6487813 1.166382 
0.04104809 0.04092908 0.0004176006 0.4947147 0.6305967 1.389298 
0.04128963 0.04124864 0.0003400069 0.4753835 0.6422931 1.491767 
0.04088542 0.04086381 0.0004092715 0.4384482 0.6648768 1.26453 
0.04097364 0.04086424 0.0003681857 0.4618887 0.6253452 1.512112 
0.04102573 0.0409238 0.0003370592 0.5069585 0.6060158 1.66214 
0.04039848 0.04035408 0.000294549 0.5003325 0.6317303 1.845099 
0.04046143 0.04026656 0.0002319572 0.4769103 0.6454022 2.252365 
0.0409355 0.040453 0.0001937965 0.4669054 0.6339416 2.555627 
0.04158067 0.04145275 0.0002085879 0.4447036 0.6630735 2.445967 
0.04050638 0.04050125 0.0002913669 0.4671781 0.6400728 1.616283 
0.04130369 0.04111596 0.0003089805 0.4558866 0.6309535 1.694959 
0.0426429 0.04245142 0.0003138387 0.4744345 0.633115 1.747981 
0.04104209 0.04074217 0.000333386 0.4455624 0.6639168 1.613796 
0.04114788 0.04074933 0.0005229556 0.5207213 0.6177758 1.099317 
0.04178785 0.04154317 0.0005953005 0.4775775 0.6343045 0.9468807 
0.04165317 0.04111862 0.0004545008 0.467066 0.6434046 1.206485 
0.0424696 0.04236578 0.0003582897 0.458866 0.6242089 1.64716 
0.04277302 0.04166016 0.000395817 0.4537464 0.6293123 1.429162 
0.04237845 0.04193978 0.0005002364 0.4461151 0.6428329 1.099523 
0.04283475 0.04193389 0.0004453298 0.4468405 0.6358809 1.2423 
0.04177794 0.04174225 0.0004152425 0.4486175 0.6479157 1.333111 
0.04378226 0.04258641 0.0004230058 0.5062969 0.6111601 1.406326 
0.04256868 0.04248178 0.0004283176 0.4888417 0.6086153 1.359726 
0.04273019 0.04242152 0.0004628365 0.45316 0.649318 1.166526 
0.04266184 0.04247608 0.0005307259 0.4980535 0.6167682 1.124957 
0.04185096 0.04177171 0.0004206528 0.4851161 0.5985649 1.30823 
0.04206742 0.04190003 0.0004291706 0.4900866 0.599896 1.307265 
0.04253767 0.04252245 0.0003571434 0.4410629 0.6519433 1.445867 
0.04362935 0.043305 0.0003378615 0.4637284 0.653074 1.645611 
0.04243347 0.04243132 0.0002240046 0.5071036 0.5776875 2.37969 
0.04233232 0.04229788 0.0003016471 0.5148374 0.5982653 1.825182 
0.04196158 0.04141581 0.0003462937 0.4641101 0.6249295 1.702818 
0.04165249 0.04153788 0.0003079548 0.4736784 0.6180373 1.749046 
0.04238317 0.04166506 0.000365047 0.4517562 0.6190278 1.473145 
0.04168018 0.04154855 0.0002733326 0.4571148 0.6406008 1.932837 
0.04138822 0.0411259 0.0002895634 0.5162131 0.6265725 1.887685 
0.04011548 0.03947528 0.0002916286 0.5007105 0.6078167 1.883164 
0.04218589 0.04182716 0.0003313852 0.4544438 0.6520701 1.631305 
0.04132314 0.04125477 0.0003627456 0.4844293 0.6444001 1.497106 
0.04105171 0.04089179 0.0003077643 0.4543627 0.6390092 1.654415 
0.04190151 0.04117087 0.0003574364 0.465029 0.6439474 1.471786 
0.03997825 0.03990212 0.0003110524 0.4945631 0.6289367 1.63022 
0.04112181 0.0410267 0.000345486 0.4720344 0.6354517 1.496294 
0.04110068 0.04042104 0.0003402295 0.4309792 0.6529862 1.419975 
0.04204324 0.04203956 0.0003896367 0.4995694 0.6196579 1.38672 
0.04140729 0.04109813 0.0004567287 0.4254856 0.6317528 1.155712 
0.0417064 0.04154896 0.0005274517 0.450384 0.6702359 1.044597 
0.04510297 0.043398 0.0005422927 0.4282972 0.61444 1.092329 
0.0436284 0.04361502 0.0004549736 0.4253287 0.6399962 1.217226 
0.04134745 0.04105549 0.0003640422 0.4845208 0.6311592 1.459368 
0.04129059 0.04089936 0.0003396616 0.4509234 0.655501 1.550996 
0.042817 0.04281176 0.0003947435 0.4322348 0.6177569 1.454091 
0.04486379 0.04458761 0.0004228767 0.4524563 0.6261183 1.313816 
0.04338792 0.04278507 0.0004614951 0.481647 0.6331401 1.237478 
0.04379357 0.0436249 0.0004893314 0.4372573 0.6033578 1.222143 
0.04340063 0.04335502 0.000325926 0.4687294 0.6306999 1.691498 
0.04480803 0.0445631 0.0003806055 0.4792979 0.6070865 1.517779 
0.04450001 0.04438721 0.0003463436 0.4262909 0.6302125 1.589796 
0.04253031 0.04242277 0.0002418118 0.3859192 0.6277592 2.114737 
0.04090683 0.04058684 0.0002708606 0.3933417 0.6471934 1.828132 
0.04260612 0.04238248 0.0003631584 0.4365745 0.6543891 1.523167 
0.04494502 0.04459894 0.0003272917 0.4500674 0.6319606 1.60401 
0.04591722 0.04584318 0.0003386984 0.4467328 0.6112069 1.643126 
0.04529778 0.04394891 0.0003349481 0.4551472 0.5911282 1.693242 
0.04386058 0.0435227 0.0003595355 0.45526 0.648728 1.510413 
0.04285257 0.04268548 0.0003541106 0.4542536 0.6236973 1.534903 
0.04115781 0.04114441 0.0003532946 0.4809494 0.6443018 1.511137 
0.04415385 0.04317039 0.0003859943 0.4192936 0.6384863 1.387837 
0.04409971 0.04359389 0.0003367453 0.4446456 0.6345364 1.6028 
0.0426053 0.04247334 0.000326942 0.4542196 0.64674 1.71772 
0.04222274 0.04222011 0.0002671077 0.4416169 0.6132087 1.999976 
0.04296121 0.04283489 0.0002529094 0.4312372 0.6563132 2.007876 
0.04171588 0.04147027 0.0001673428 0.4379079 0.6298176 3.153633 
0.04287745 0.04256336 0.0001421798 0.4490069 0.6145841 3.827285 
0.04323787 0.04321768 0.0001408326 0.4897432 0.642404 3.682666 
0.04367913 0.04355986 0.0001205377 0.4432778 0.6417302 4.435943 
0.04324399 0.04319644 0.0001248238 0.4508745 0.6257987 4.259083 
0.04296701 0.04295838 0.0001742171 0.4597855 0.6160737 3.152323 
0.0413067 0.04128756 0.0001447679 0.4522505 0.6705391 3.3591 
0.04224018 0.04179433 0.0002052073 0.4564983 0.6070542 2.564199 
0.04411519 0.043798 0.0002259974 0.4835055 0.5988398 2.402162 
0.04449864 0.04370846 0.0001957936 0.4578326 0.6182717 3.009296 
0.0436885 0.04350869 0.0002167277 0.4427334 0.5980894 2.544833 
0.04337855 0.04253592 0.0001923851 0.4453069 0.6270123 2.810901 
0.04190633 0.04183077 0.0002085522 0.3999476 0.6329991 2.502065 
0.04048159 0.03991227 0.0002343592 0.4169471 0.6912929 2.15202 
0.0420265 0.04186615 0.0002267479 0.4344083 0.6483268 2.124374 
0.04319707 0.04308867 0.0002866988 0.4720914 0.6230463 1.893121 
0.04355907 0.04314432 0.0002644513 0.4788039 0.6002235 2.231362 
0.04417642 0.04366638 0.0002376236 0.4558836 0.631107 2.245327 
0.04481919 0.04469831 0.0001600082 0.4625304 0.6023292 3.249591 
0.04489332 0.04477811 0.0001680579 0.4840813 0.6278007 3.260858 
0.04198857 0.04161168 0.0001543677 0.3923657 0.6534572 3.092303 
0.04260999 0.04188773 0.0001858151 0.3991018 0.6767436 2.624488 
0.04136439 0.04127299 0.0002368892 0.4486163 0.6526948 2.27069 
0.04203824 0.04198901 0.0002134241 0.484997 0.6273078 2.419074 
0.04295477 0.04229291 0.0002169413 0.4436727 0.6511137 2.414217 
0.04384895 0.04373597 0.0002216374 0.4574815 0.6054664 2.449101 
0.0424467 0.04222821 0.0002084319 0.4662515 0.6389026 2.52167 
0.04247299 0.04226713 0.0002656967 0.4600165 0.6455371 1.914699 
0.04245113 0.04109609 0.0003207317 0.4325065 0.6241123 1.592749 
0.04410444 0.04392583 0.0003167204 0.4288647 0.6229531 1.729746 
0.04403405 0.04400029 0.0003920448 0.4356363 0.6564314 1.363783 
0.04436107 0.04422038 0.0003580273 0.4908757 0.6142789 1.643939 
0.04448107 0.04420748 0.0002889823 0.5042546 0.6448099 1.992045 
0.04395446 0.04352 0.0003115489 0.4248916 0.639566 1.633004 
0.04254712 0.04234482 0.0003014214 0.4941635 0.6396638 1.82397 
0.04174498 0.04121944 0.00034689 0.4437176 0.6391919 1.547347 
0.04590717 0.04552124 0.0003374888 0.4091214 0.6072585 1.628204 
0.04390897 0.04375744 0.0003676819 0.4424647 0.6089367 1.464503 
0.04489099 0.04443576 0.0002320552 0.4291815 0.6214078 2.406661 
0.04346422 0.04330323 0.0001816678 0.4748942 0.597537 2.931594 
0.04281829 0.04228362 0.0002130874 0.4339773 0.6305727 2.441076 
0.0427586 0.04214229 0.0002521678 0.4594064 0.6435489 2.250089 
0.04391504 0.0428562 0.000282521 0.4265194 0.6571819 1.909956 
0.04373522 0.04320697 0.0002877822 0.4823193 0.5939445 2.040542 
0.04410953 0.04398456 0.0002318962 0.4562794 0.6229455 2.363527 
0.04323717 0.04306824 0.0001698691 0.4717238 0.6450144 3.112478 
0.0431623 0.04245905 0.0001828667 0.4753488 0.629702 2.786061 
0.0441717 0.04374088 0.0001821178 0.4308298 0.6045719 3.001134 
0.04391434 0.04361401 0.0001936476 0.4867726 0.6134161 2.729565 
0.0435954 0.04334703 0.0002623226 0.5039424 0.6141846 2.029327 
0.04305138 0.04295834 0.0003186484 0.4811443 0.6584967 1.729333 
0.04238131 0.04160347 0.0002832001 0.459513 0.6168331 1.894829 
0.0421851 0.04190207 0.0002337797 0.4463363 0.6364485 2.216598 
0.044177 0.04401789 0.0002442604 0.4766003 0.6265393 2.373475 
0.043943 0.0434926 0.000266643 0.5295244 0.6284948 2.131124 
0.04414214 0.0438306 0.000291068 0.4690302 0.6325212 1.867179 
0.04267998 0.0421189 0.0003176154 0.4543471 0.6074696 1.675959 
0.04361946 0.04323305 0.0004309662 0.4124901 0.6528036 1.19873 
0.04327949 0.04301025 0.000473801 0.4816229 0.6112962 1.219418 
0.04256519 0.04181441 0.0004509522 0.4671589 0.6532636 1.219844 
0.04091628 0.04048913 0.0004178017 0.455244 0.6525276 1.284104 
0.04332026 0.04291516 0.0002792153 0.4454912 0.6426859 1.929497 
0.0435746 0.04250304 0.0002423371 0.42429 0.6568708 2.099972 
0.04312704 0.04297425 0.0002150789 0.4224785 0.6297964 2.607557 
0.04388248 0.04373324 0.0002769749 0.4176577 0.6290187 1.888077 
0.04448347 0.04441158 0.0002312829 0.4264546 0.6202486 2.2188 
0.04300369 0.04289417 0.0002295789 0.4252953 0.6485732 2.191844 
0.04126732 0.0408829 0.0002058485 0.4180924 0.6327284 2.559224 
0.04217627 0.04198593 0.0001652876 0.4388561 0.6413313 3.06 
0.04093186 0.04075142 0.0002204474 0.4483047 0.6416366 2.352053 
0.04105875 0.04101486 0.0002615451 0.4519854 0.6558493 1.887598 
0.04167319 0.0415478 0.0003231077 0.4772377 0.5973078 1.63491 
0.04250405 0.04189551 0.0004040306 0.4978743 0.6352936 1.377339 
0.04355693 0.043062 0.0004516457 0.5205261 0.6096228 1.27914 
0.0430122 0.0428241 0.0004233047 0.4524441 0.6396927 1.2655 
0.04328635 0.04283444 0.0004270293 0.4692945 0.6303981 1.267749 
0.04240247 0.04224424 0.0005398342 0.4662172 0.613784 1.05275 
0.04128556 0.04122065 0.000498903 0.442215 0.6250536 1.13521 
0.04199512 0.04155587 0.0004820895 0.4408577 0.6369117 1.122087 
0.04130719 0.0413041 0.000423522 0.4423706 0.6420034 1.254627 
0.0422255 0.04204729 0.0003716595 0.406325 0.6619694 1.415878 
